# FONLL heavy quark hadroproduction cross section, calculated on Wed Jan 21 16:45:22 CET 2026
# FONLL version and perturbative order: ## FONLL v1.4.0 fonll [ds/dpt^2dy (pb/GeV^2)]
# quark = bottom
# final state = meson. NP params (cm,lm,hm) = 24.2, 26.7, 22.2
# BR(q->meson) = 1
# ebeam1 = 2680, ebeam2 = 2680
# PDF set = NNPDF30_nlo_as_0118
# ptmin = 0
# ptmax = 100
# ymin  = -0.5
# ymax  = 0.5
# Uncertainties from scales, masses combined quadratically
# cross section is ds/dpt (pb/GeV)
pt central min max min_sc max_sc min_mass max_mass fr=.5.5 fr=22 fr=21 fr=12 fr=1.5 fr=.51
0.0000 0.0000e+00 0.0000e+00 0.0000e+00 0.0000e+00 0.0000e+00 0.0000e+00 0.0000e+00 0.0000e+00 0.0000e+00 0.0000e+00 0.0000e+00 0.0000e+00 0.0000e+00
0.2506 7.5326e+05 3.7398e+05 1.1735e+06 4.0178e+05 1.1312e+06 6.1071e+05 9.3693e+05 6.7482e+05 7.6396e+05 9.9192e+05 5.4290e+05 1.1312e+06 4.0178e+05
0.5013 1.4526e+06 7.3073e+05 2.2430e+06 7.8452e+05 2.1605e+06 1.1792e+06 1.8042e+06 1.3120e+06 1.4716e+06 1.8932e+06 1.0529e+06 2.1605e+06 7.8452e+05
0.7519 2.0954e+06 1.0669e+06 3.2097e+06 1.1439e+06 3.0910e+06 1.7048e+06 2.5959e+06 1.9040e+06 2.1226e+06 2.7116e+06 1.5263e+06 3.0910e+06 1.1439e+06
1.0025 2.6669e+06 1.3756e+06 4.0512e+06 1.4724e+06 3.9016e+06 2.1764e+06 3.2929e+06 2.4374e+06 2.7019e+06 3.4298e+06 1.9521e+06 3.9016e+06 1.4724e+06
1.2531 3.1566e+06 1.6515e+06 4.7539e+06 1.7643e+06 4.5794e+06 2.5850e+06 3.8824e+06 2.9028e+06 3.1979e+06 4.0353e+06 2.3220e+06 4.5794e+06 1.7643e+06
1.5038 3.5601e+06 1.8912e+06 5.3166e+06 2.0161e+06 5.1237e+06 2.9266e+06 4.3604e+06 3.2956e+06 3.6055e+06 4.5256e+06 2.6313e+06 5.1237e+06 2.0161e+06
1.7544 3.8787e+06 2.0930e+06 5.7481e+06 2.2264e+06 5.5432e+06 3.2014e+06 4.7297e+06 3.6157e+06 3.9243e+06 4.9061e+06 2.8788e+06 5.5432e+06 2.2264e+06
2.0050 4.1157e+06 2.2565e+06 6.0589e+06 2.3952e+06 5.8480e+06 3.4111e+06 4.9962e+06 3.8651e+06 4.1576e+06 5.1833e+06 3.0656e+06 5.8480e+06 2.3952e+06
2.2556 4.2767e+06 2.3826e+06 6.2617e+06 2.5236e+06 6.0503e+06 3.5596e+06 5.1681e+06 4.0478e+06 4.3103e+06 5.3662e+06 3.1944e+06 6.0503e+06 2.5236e+06
2.5063 4.3690e+06 2.4730e+06 6.3696e+06 2.6138e+06 6.1624e+06 3.6521e+06 5.2555e+06 4.1688e+06 4.3896e+06 5.4650e+06 3.2698e+06 6.1624e+06 2.6138e+06
2.7569 4.4001e+06 2.5300e+06 6.3941e+06 2.6683e+06 6.1952e+06 3.6942e+06 5.2682e+06 4.2339e+06 4.4042e+06 5.4890e+06 3.2973e+06 6.1952e+06 2.6683e+06
3.0075 4.3776e+06 2.5566e+06 6.3466e+06 2.6907e+06 6.1589e+06 3.6916e+06 5.2165e+06 4.2491e+06 4.3632e+06 5.4480e+06 3.2829e+06 6.1589e+06 2.6907e+06
3.2581 4.3098e+06 2.5559e+06 6.2380e+06 2.6845e+06 6.0636e+06 3.6507e+06 5.1111e+06 4.2206e+06 4.2758e+06 5.3518e+06 3.2331e+06 6.0636e+06 2.6845e+06
3.5088 4.2048e+06 2.5313e+06 6.0789e+06 2.6531e+06 5.9189e+06 3.5779e+06 4.9624e+06 4.1546e+06 4.1504e+06 5.2102e+06 3.1541e+06 5.9189e+06 2.6531e+06
3.7594 4.0699e+06 2.4864e+06 5.8789e+06 2.6008e+06 5.7337e+06 3.4788e+06 4.7799e+06 4.0575e+06 3.9961e+06 5.0322e+06 3.0522e+06 5.7337e+06 2.6008e+06
4.0100 3.9119e+06 2.4248e+06 5.6469e+06 2.5314e+06 5.5164e+06 3.3590e+06 4.5721e+06 3.9352e+06 3.8207e+06 4.8260e+06 2.9326e+06 5.5164e+06 2.5314e+06
4.2607 3.7375e+06 2.3498e+06 5.3921e+06 2.4485e+06 5.2756e+06 3.2237e+06 4.3474e+06 3.7933e+06 3.6309e+06 4.6001e+06 2.8008e+06 5.2756e+06 2.4485e+06
4.5113 3.5524e+06 2.2644e+06 5.1221e+06 2.3551e+06 5.0187e+06 3.0777e+06 4.1126e+06 3.6367e+06 3.4328e+06 4.3617e+06 2.6611e+06 5.0187e+06 2.3551e+06
4.7619 3.3613e+06 2.1716e+06 4.8434e+06 2.2546e+06 4.7521e+06 2.9248e+06 3.8734e+06 3.4704e+06 3.2313e+06 4.1164e+06 2.5172e+06 4.7521e+06 2.2546e+06
5.0125 3.1682e+06 2.0738e+06 4.5619e+06 2.1494e+06 4.4815e+06 2.7685e+06 3.6346e+06 3.2981e+06 3.0304e+06 3.8697e+06 2.3721e+06 4.4815e+06 2.1494e+06
5.2632 2.9765e+06 1.9730e+06 4.2821e+06 2.0417e+06 4.2115e+06 2.6116e+06 3.3999e+06 3.1231e+06 2.8331e+06 3.6255e+06 2.2283e+06 4.2115e+06 2.0417e+06
5.5138 2.7886e+06 1.8712e+06 4.0079e+06 1.9335e+06 3.9460e+06 2.4565e+06 3.1722e+06 2.9484e+06 2.6420e+06 3.3870e+06 2.0878e+06 3.9460e+06 1.9335e+06
5.7644 2.6067e+06 1.7698e+06 3.7421e+06 1.8260e+06 3.6879e+06 2.3050e+06 2.9534e+06 2.7760e+06 2.4585e+06 3.1568e+06 1.9518e+06 3.6879e+06 1.8260e+06
6.0150 2.4320e+06 1.6700e+06 3.4869e+06 1.7208e+06 3.4394e+06 2.1584e+06 2.7450e+06 2.6079e+06 2.2840e+06 2.9364e+06 1.8216e+06 3.4394e+06 1.7208e+06
6.2657 2.2655e+06 1.5725e+06 3.2437e+06 1.6184e+06 3.2020e+06 2.0176e+06 2.5478e+06 2.4450e+06 2.1190e+06 2.7272e+06 1.6976e+06 3.2020e+06 1.6184e+06
6.5163 2.1078e+06 1.4776e+06 3.0134e+06 1.5189e+06 2.9768e+06 1.8835e+06 2.3624e+06 2.2876e+06 1.9640e+06 2.5297e+06 1.5803e+06 2.9768e+06 1.5189e+06
6.7669 1.9592e+06 1.3859e+06 2.7964e+06 1.4230e+06 2.7644e+06 1.7563e+06 2.1887e+06 2.1366e+06 1.8190e+06 2.3442e+06 1.4699e+06 2.7644e+06 1.4230e+06
7.0175 1.8199e+06 1.2984e+06 2.5930e+06 1.3318e+06 2.5648e+06 1.6363e+06 2.0267e+06 1.9933e+06 1.6838e+06 2.1709e+06 1.3664e+06 2.5648e+06 1.3318e+06
7.2682 1.6895e+06 1.2161e+06 2.4029e+06 1.2462e+06 2.3781e+06 1.5235e+06 1.8760e+06 1.8590e+06 1.5583e+06 2.0093e+06 1.2696e+06 2.3781e+06 1.2462e+06
7.5188 1.5680e+06 1.1397e+06 2.2258e+06 1.1669e+06 2.2040e+06 1.4178e+06 1.7363e+06 1.7350e+06 1.4419e+06 1.8592e+06 1.1794e+06 2.2040e+06 1.1669e+06
7.7694 1.4551e+06 1.0694e+06 2.0613e+06 1.0942e+06 2.0420e+06 1.3191e+06 1.6069e+06 1.6213e+06 1.3342e+06 1.7202e+06 1.0956e+06 2.0420e+06 1.0942e+06
8.0201 1.3502e+06 9.9565e+05 1.9088e+06 1.0177e+06 1.8917e+06 1.2270e+06 1.4873e+06 1.5160e+06 1.2347e+06 1.5915e+06 1.0177e+06 1.8917e+06 1.0273e+06
8.2707 1.2529e+06 9.2591e+05 1.7676e+06 9.4555e+05 1.7524e+06 1.1413e+06 1.3769e+06 1.4143e+06 1.1429e+06 1.4726e+06 9.4555e+05 1.7524e+06 9.6173e+05
8.5213 1.1629e+06 8.6120e+05 1.6370e+06 8.7869e+05 1.6236e+06 1.0617e+06 1.2751e+06 1.3164e+06 1.0583e+06 1.3629e+06 8.7869e+05 1.6236e+06 8.9778e+05
8.7719 1.0796e+06 8.0123e+05 1.5165e+06 8.1683e+05 1.5045e+06 9.8776e+05 1.1812e+06 1.2250e+06 9.8042e+05 1.2618e+06 8.1683e+05 1.5045e+06 8.3789e+05
9.0226 1.0027e+06 7.4567e+05 1.4052e+06 7.5960e+05 1.3945e+06 9.1919e+05 1.0948e+06 1.1398e+06 9.0867e+05 1.1686e+06 7.5960e+05 1.3945e+06 7.8196e+05
9.2732 9.3155e+05 6.9422e+05 1.3026e+06 7.0669e+05 1.2930e+06 8.5564e+05 1.0151e+06 1.0610e+06 8.4261e+05 1.0828e+06 7.0669e+05 1.2930e+06 7.3004e+05
9.5238 8.6587e+05 6.4661e+05 1.2079e+06 6.5779e+05 1.1994e+06 7.9677e+05 9.4181e+05 9.8857e+05 7.8180e+05 1.0038e+06 6.5779e+05 1.1994e+06 6.8224e+05
9.7744 8.0520e+05 6.0255e+05 1.1207e+06 6.1258e+05 1.1131e+06 7.4224e+05 8.7427e+05 9.2156e+05 7.2582e+05 9.3105e+05 6.1258e+05 1.1131e+06 6.3791e+05
10.0251 7.4917e+05 5.6176e+05 1.0403e+06 5.7078e+05 1.0334e+06 6.9174e+05 8.1205e+05 8.5924e+05 6.7426e+05 8.6407e+05 5.7078e+05 1.0334e+06 5.9654e+05
10.2757 6.9740e+05 5.2401e+05 9.6615e+05 5.3213e+05 9.5996e+05 6.4497e+05 7.5471e+05 8.0134e+05 6.2676e+05 8.0238e+05 5.3213e+05 9.5996e+05 5.5796e+05
10.5263 6.4957e+05 4.8906e+05 8.9778e+05 4.9638e+05 8.9221e+05 6.0165e+05 7.0186e+05 7.4755e+05 5.8298e+05 7.4555e+05 4.9638e+05 8.9221e+05 5.2201e+05
10.7769 6.0538e+05 4.5670e+05 8.3473e+05 4.6331e+05 8.2970e+05 5.6154e+05 6.5314e+05 6.9762e+05 5.4264e+05 6.9319e+05 4.6331e+05 8.2970e+05 4.8853e+05
11.0276 5.6454e+05 4.2674e+05 7.7658e+05 4.3272e+05 7.7204e+05 5.2439e+05 6.0820e+05 6.5130e+05 5.0543e+05 6.4493e+05 4.3272e+05 7.7204e+05 4.5737e+05
11.2782 5.2678e+05 3.9898e+05 7.2294e+05 4.0440e+05 7.1883e+05 4.8998e+05 5.6675e+05 6.0833e+05 4.7112e+05 6.0045e+05 4.0440e+05 7.1883e+05 4.2837e+05
11.5288 4.9188e+05 3.7327e+05 6.7345e+05 3.7818e+05 6.6972e+05 4.5810e+05 5.2850e+05 5.6848e+05 4.3946e+05 5.5943e+05 3.7818e+05 6.6972e+05 4.0140e+05
11.7794 4.5959e+05 3.4945e+05 6.2779e+05 3.5391e+05 6.2440e+05 4.2856e+05 4.9318e+05 5.3155e+05 4.1023e+05 5.2160e+05 3.5391e+05 6.2440e+05 3.7632e+05
12.0301 4.2969e+05 3.2733e+05 5.8558e+05 3.3139e+05 5.8250e+05 4.0116e+05 4.6052e+05 4.9732e+05 3.8320e+05 4.8665e+05 3.3139e+05 5.8250e+05 3.5303e+05
12.2807 4.0196e+05 3.0679e+05 5.4654e+05 3.1048e+05 5.4374e+05 3.7570e+05 4.3029e+05 4.6558e+05 3.5818e+05 4.5433e+05 3.1048e+05 5.4374e+05 3.3137e+05
12.5313 3.7624e+05 2.8770e+05 5.1041e+05 2.9106e+05 5.0786e+05 3.5206e+05 4.0230e+05 4.3613e+05 3.3502e+05 4.2443e+05 2.9106e+05 5.0786e+05 3.1123e+05
12.7820 3.5238e+05 2.6995e+05 4.7696e+05 2.7302e+05 4.7463e+05 3.3009e+05 3.7636e+05 4.0878e+05 3.1356e+05 3.9675e+05 2.7302e+05 4.7463e+05 2.9249e+05
13.0326 3.3023e+05 2.5345e+05 4.4598e+05 2.5625e+05 4.4385e+05 3.0967e+05 3.5232e+05 3.8338e+05 2.9366e+05 3.7111e+05 2.5625e+05 4.4385e+05 2.7503e+05
13.2832 3.0966e+05 2.3809e+05 4.1726e+05 2.4066e+05 4.1532e+05 2.9067e+05 3.3003e+05 3.5976e+05 2.7521e+05 3.4736e+05 2.4066e+05 4.1532e+05 2.5876e+05
13.5338 2.9055e+05 2.2381e+05 3.9064e+05 2.2615e+05 3.8885e+05 2.7301e+05 3.0935e+05 3.3780e+05 2.5809e+05 3.2534e+05 2.2615e+05 3.8885e+05 2.4358e+05
13.7845 2.7279e+05 2.1050e+05 3.6594e+05 2.1265e+05 3.6430e+05 2.5657e+05 2.9016e+05 3.1735e+05 2.4220e+05 3.0492e+05 2.1265e+05 3.6430e+05 2.2942e+05
14.0351 2.5628e+05 1.9811e+05 3.4301e+05 2.0008e+05 3.4152e+05 2.4126e+05 2.7234e+05 2.9831e+05 2.2744e+05 2.8597e+05 2.0008e+05 3.4152e+05 2.1620e+05
14.2857 2.4092e+05 1.8657e+05 3.2173e+05 1.8838e+05 3.2035e+05 2.2701e+05 2.5578e+05 2.8056e+05 2.1372e+05 2.6837e+05 1.8838e+05 3.2035e+05 2.0384e+05
14.5363 2.2663e+05 1.7581e+05 3.0196e+05 1.7747e+05 3.0069e+05 2.1373e+05 2.4039e+05 2.6402e+05 2.0097e+05 2.5203e+05 1.7747e+05 3.0069e+05 1.9229e+05
14.7870 2.1330e+05 1.6575e+05 2.8358e+05 1.6728e+05 2.8241e+05 2.0134e+05 2.2605e+05 2.4857e+05 1.8909e+05 2.3683e+05 1.6728e+05 2.8241e+05 1.8148e+05
15.0376 2.0087e+05 1.5635e+05 2.6647e+05 1.5776e+05 2.6539e+05 1.8976e+05 2.1269e+05 2.3415e+05 1.7802e+05 2.2267e+05 1.5776e+05 2.6539e+05 1.7135e+05
15.2882 1.8926e+05 1.4756e+05 2.5054e+05 1.4886e+05 2.4954e+05 1.7894e+05 2.0023e+05 2.2067e+05 1.6768e+05 2.0949e+05 1.4886e+05 2.4954e+05 1.6186e+05
15.5388 1.7842e+05 1.3933e+05 2.3569e+05 1.4053e+05 2.3478e+05 1.6882e+05 1.8861e+05 2.0807e+05 1.5804e+05 1.9720e+05 1.4053e+05 2.3478e+05 1.5298e+05
15.7895 1.6828e+05 1.3163e+05 2.2185e+05 1.3274e+05 2.2101e+05 1.5936e+05 1.7775e+05 1.9629e+05 1.4903e+05 1.8574e+05 1.3274e+05 2.2101e+05 1.4464e+05
16.0401 1.5881e+05 1.2442e+05 2.0894e+05 1.2544e+05 2.0816e+05 1.5050e+05 1.6761e+05 1.8526e+05 1.4061e+05 1.7504e+05 1.2544e+05 2.0816e+05 1.3682e+05
16.2907 1.4994e+05 1.1766e+05 1.9689e+05 1.1860e+05 1.9617e+05 1.4220e+05 1.5813e+05 1.7494e+05 1.3274e+05 1.6504e+05 1.1860e+05 1.9617e+05 1.2949e+05
16.5414 1.4164e+05 1.1132e+05 1.8563e+05 1.1219e+05 1.8496e+05 1.3443e+05 1.4927e+05 1.6528e+05 1.2537e+05 1.5570e+05 1.1219e+05 1.8496e+05 1.2260e+05
16.7920 1.3387e+05 1.0537e+05 1.7510e+05 1.0618e+05 1.7449e+05 1.2714e+05 1.4098e+05 1.5622e+05 1.1848e+05 1.4697e+05 1.0618e+05 1.7449e+05 1.1613e+05
17.0426 1.2659e+05 9.9795e+04 1.6526e+05 1.0054e+05 1.6469e+05 1.2031e+05 1.3322e+05 1.4773e+05 1.1202e+05 1.3880e+05 1.0054e+05 1.6469e+05 1.1006e+05
17.2932 1.1977e+05 9.4558e+04 1.5606e+05 9.5250e+04 1.5553e+05 1.1390e+05 1.2594e+05 1.3976e+05 1.0598e+05 1.3116e+05 9.5250e+04 1.5553e+05 1.0435e+05
17.5439 1.1337e+05 8.9639e+04 1.4744e+05 9.0282e+04 1.4695e+05 1.0788e+05 1.1913e+05 1.3229e+05 1.0030e+05 1.2399e+05 9.0282e+04 1.4695e+05 9.8979e+04
17.7945 1.0736e+05 8.5018e+04 1.3937e+05 8.5614e+04 1.3891e+05 1.0224e+05 1.1275e+05 1.2528e+05 9.4988e+04 1.1728e+05 8.5614e+04 1.3891e+05 9.3929e+04
18.0451 1.0172e+05 8.0671e+04 1.3180e+05 8.1224e+04 1.3138e+05 9.6928e+04 1.0676e+05 1.1869e+05 8.9997e+04 1.1099e+05 8.1224e+04 1.3138e+05 8.9175e+04
18.2957 9.6428e+04 7.6580e+04 1.2471e+05 7.7095e+04 1.2431e+05 9.1939e+04 1.0113e+05 1.1250e+05 8.5309e+04 1.0508e+05 7.7095e+04 1.2431e+05 8.4697e+04
18.5464 9.1450e+04 7.2729e+04 1.1805e+05 7.3207e+04 1.1769e+05 8.7245e+04 9.5851e+04 1.0668e+05 8.0904e+04 9.9544e+04 7.3207e+04 1.1769e+05 8.0477e+04
18.7970 8.6767e+04 6.9100e+04 1.1181e+05 6.9545e+04 1.1146e+05 8.2827e+04 9.0887e+04 1.0121e+05 7.6761e+04 9.4341e+04 6.9545e+04 1.1146e+05 7.6498e+04
19.0476 8.2361e+04 6.5681e+04 1.0594e+05 6.6095e+04 1.0562e+05 7.8668e+04 8.6220e+04 9.6061e+04 7.2864e+04 8.9453e+04 6.6095e+04 1.0562e+05 7.2745e+04
19.2982 7.8213e+04 6.2456e+04 1.0043e+05 6.2841e+04 1.0013e+05 7.4748e+04 8.1828e+04 9.1211e+04 6.9195e+04 8.4858e+04 6.2841e+04 1.0013e+05 6.9203e+04
19.5489 7.4305e+04 5.9413e+04 9.5244e+04 5.9773e+04 9.4968e+04 7.1054e+04 7.7695e+04 8.6641e+04 6.5740e+04 8.0535e+04 5.9773e+04 9.4968e+04 6.5858e+04
19.7995 7.0622e+04 5.6542e+04 9.0369e+04 5.6877e+04 9.0111e+04 6.7569e+04 7.3802e+04 8.2333e+04 6.2484e+04 7.6466e+04 5.6877e+04 9.0111e+04 6.2700e+04
20.0501 6.7150e+04 5.3831e+04 8.5780e+04 5.4143e+04 8.5540e+04 6.4282e+04 7.0134e+04 7.8270e+04 5.9414e+04 7.2635e+04 5.4143e+04 8.5540e+04 5.9714e+04
20.3008 6.3873e+04 5.1269e+04 8.1460e+04 5.1561e+04 8.1235e+04 6.1178e+04 6.6675e+04 7.4437e+04 5.6518e+04 6.9026e+04 5.1561e+04 8.1235e+04 5.6893e+04
20.5514 6.0781e+04 4.8848e+04 7.7390e+04 4.9121e+04 7.7180e+04 5.8247e+04 6.3413e+04 7.0818e+04 5.3785e+04 6.5624e+04 4.9121e+04 7.7180e+04 5.4224e+04
20.8020 5.7861e+04 4.6560e+04 7.3553e+04 4.6814e+04 7.3357e+04 5.5477e+04 6.0334e+04 6.7400e+04 5.1205e+04 6.2415e+04 4.6814e+04 7.3357e+04 5.1699e+04
21.0526 5.5102e+04 4.4394e+04 6.9936e+04 4.4632e+04 6.9753e+04 5.2859e+04 5.7427e+04 6.4171e+04 4.8767e+04 5.9388e+04 4.4632e+04 6.9753e+04 4.9309e+04
21.3033 5.2494e+04 4.2346e+04 6.6523e+04 4.2568e+04 6.6352e+04 5.0382e+04 5.4681e+04 6.1118e+04 4.6464e+04 5.6530e+04 4.2568e+04 6.6352e+04 4.7046e+04
21.5539 5.0028e+04 4.0406e+04 6.3303e+04 4.0614e+04 6.3142e+04 4.8039e+04 5.2086e+04 5.8231e+04 4.4286e+04 5.3831e+04 4.0614e+04 6.3142e+04 4.4902e+04
21.8045 4.7695e+04 3.8569e+04 6.0261e+04 3.8763e+04 6.0111e+04 4.5821e+04 4.9633e+04 5.5500e+04 4.2226e+04 5.1281e+04 3.8763e+04 6.0111e+04 4.2871e+04
22.0551 4.5488e+04 3.6829e+04 5.7388e+04 3.7011e+04 5.7248e+04 4.3722e+04 4.7312e+04 5.2915e+04 4.0276e+04 4.8871e+04 3.7011e+04 5.7248e+04 4.0945e+04
22.3058 4.3399e+04 3.5179e+04 5.4673e+04 3.5350e+04 5.4541e+04 4.1733e+04 4.5118e+04 5.0470e+04 3.8431e+04 4.6591e+04 3.5350e+04 5.4541e+04 3.9120e+04
22.5564 4.1421e+04 3.3615e+04 5.2106e+04 3.3775e+04 5.1982e+04 3.9849e+04 4.3041e+04 4.8154e+04 3.6684e+04 4.4434e+04 3.3775e+04 5.1982e+04 3.7388e+04
22.8070 3.9547e+04 3.2131e+04 4.9677e+04 3.2281e+04 4.9562e+04 3.8064e+04 4.1075e+04 4.5961e+04 3.5029e+04 4.2392e+04 3.2281e+04 4.9562e+04 3.5744e+04
23.0576 3.7771e+04 3.0723e+04 4.7379e+04 3.0864e+04 4.7270e+04 3.6370e+04 3.9212e+04 4.3883e+04 3.3460e+04 4.0459e+04 3.0864e+04 4.7270e+04 3.4184e+04
23.3083 3.6087e+04 2.9386e+04 4.5204e+04 2.9518e+04 4.5102e+04 3.4764e+04 3.7448e+04 4.1913e+04 3.1972e+04 3.8627e+04 2.9518e+04 4.5102e+04 3.2702e+04
23.5589 3.4490e+04 2.8117e+04 4.3143e+04 2.8240e+04 4.3047e+04 3.3240e+04 3.5774e+04 4.0045e+04 3.0561e+04 3.6891e+04 2.8240e+04 4.3047e+04 3.1294e+04
23.8095 3.2975e+04 2.6910e+04 4.1191e+04 2.7027e+04 4.1100e+04 3.1793e+04 3.4188e+04 3.8272e+04 2.9222e+04 3.5245e+04 2.7027e+04 4.1100e+04 2.9956e+04
24.0602 3.1536e+04 2.5764e+04 3.9340e+04 2.5873e+04 3.9255e+04 3.0418e+04 3.2683e+04 3.6590e+04 2.7951e+04 3.3684e+04 2.5873e+04 3.9255e+04 2.8683e+04
24.3108 3.0170e+04 2.4674e+04 3.7585e+04 2.4776e+04 3.7506e+04 2.9113e+04 3.1254e+04 3.4994e+04 2.6744e+04 3.2202e+04 2.4776e+04 3.7506e+04 2.7473e+04
24.5614 2.8873e+04 2.3637e+04 3.5921e+04 2.3733e+04 3.5846e+04 2.7872e+04 2.9898e+04 3.3477e+04 2.5597e+04 3.0796e+04 2.3733e+04 3.5846e+04 2.6321e+04
24.8120 2.7640e+04 2.2650e+04 3.4341e+04 2.2741e+04 3.4270e+04 2.6692e+04 2.8609e+04 3.2036e+04 2.4507e+04 2.9461e+04 2.2741e+04 3.4270e+04 2.5225e+04
25.0627 2.6468e+04 2.1710e+04 3.2841e+04 2.1796e+04 3.2775e+04 2.5570e+04 2.7385e+04 3.0666e+04 2.3471e+04 2.8192e+04 2.1796e+04 3.2775e+04 2.4181e+04
25.3133 2.5353e+04 2.0816e+04 3.1417e+04 2.0896e+04 3.1354e+04 2.4502e+04 2.6222e+04 2.9364e+04 2.2485e+04 2.6986e+04 2.0896e+04 3.1354e+04 2.3187e+04
25.5639 2.4292e+04 1.9964e+04 3.0064e+04 2.0040e+04 3.0005e+04 2.3486e+04 2.5115e+04 2.8126e+04 2.1548e+04 2.5840e+04 2.0040e+04 3.0005e+04 2.2240e+04
25.8145 2.3283e+04 1.9152e+04 2.8778e+04 1.9224e+04 2.8723e+04 2.2518e+04 2.4062e+04 2.6947e+04 2.0655e+04 2.4751e+04 1.9224e+04 2.8723e+04 2.1337e+04
26.0652 2.2322e+04 1.8378e+04 2.7556e+04 1.8446e+04 2.7504e+04 2.1596e+04 2.3061e+04 2.5826e+04 1.9805e+04 2.3714e+04 1.8446e+04 2.7504e+04 2.0476e+04
26.3158 2.1406e+04 1.7640e+04 2.6394e+04 1.7704e+04 2.6344e+04 2.0718e+04 2.2107e+04 2.4758e+04 1.8996e+04 2.2727e+04 1.7704e+04 2.6344e+04 1.9655e+04
26.5664 2.0535e+04 1.6937e+04 2.5288e+04 1.6996e+04 2.5241e+04 1.9882e+04 2.1199e+04 2.3741e+04 1.8225e+04 2.1788e+04 1.6996e+04 2.5241e+04 1.8872e+04
26.8170 1.9704e+04 1.6265e+04 2.4236e+04 1.6321e+04 2.4192e+04 1.9084e+04 2.0334e+04 2.2772e+04 1.7490e+04 2.0893e+04 1.6321e+04 2.4192e+04 1.8124e+04
27.0677 1.8912e+04 1.5624e+04 2.3234e+04 1.5677e+04 2.3192e+04 1.8323e+04 1.9510e+04 2.1848e+04 1.6789e+04 2.0041e+04 1.5677e+04 2.3192e+04 1.7411e+04
27.3183 1.8156e+04 1.5013e+04 2.2280e+04 1.5063e+04 2.2240e+04 1.7597e+04 1.8724e+04 2.0968e+04 1.6121e+04 1.9229e+04 1.5063e+04 2.2240e+04 1.6730e+04
27.5689 1.7436e+04 1.4429e+04 2.1370e+04 1.4476e+04 2.1333e+04 1.6904e+04 1.7976e+04 2.0128e+04 1.5483e+04 1.8455e+04 1.4476e+04 2.1333e+04 1.6080e+04
27.8195 1.6748e+04 1.3871e+04 2.0504e+04 1.3916e+04 2.0469e+04 1.6243e+04 1.7261e+04 1.9328e+04 1.4875e+04 1.7717e+04 1.3916e+04 2.0469e+04 1.5459e+04
28.0702 1.6092e+04 1.3339e+04 1.9678e+04 1.3381e+04 1.9645e+04 1.5611e+04 1.6579e+04 1.8564e+04 1.4294e+04 1.7013e+04 1.3381e+04 1.9645e+04 1.4866e+04
28.3208 1.5466e+04 1.2830e+04 1.8890e+04 1.2870e+04 1.8859e+04 1.5008e+04 1.5929e+04 1.7834e+04 1.3739e+04 1.6341e+04 1.2870e+04 1.8859e+04 1.4299e+04
28.5714 1.4867e+04 1.2343e+04 1.8139e+04 1.2381e+04 1.8109e+04 1.4432e+04 1.5308e+04 1.7138e+04 1.3210e+04 1.5700e+04 1.2381e+04 1.8109e+04 1.3757e+04
28.8221 1.4295e+04 1.1878e+04 1.7422e+04 1.1914e+04 1.7394e+04 1.3881e+04 1.4714e+04 1.6472e+04 1.2703e+04 1.5088e+04 1.1914e+04 1.7394e+04 1.3239e+04
29.0727 1.3749e+04 1.1433e+04 1.6738e+04 1.1467e+04 1.6712e+04 1.3355e+04 1.4148e+04 1.5837e+04 1.2220e+04 1.4504e+04 1.1467e+04 1.6712e+04 1.2744e+04
29.3233 1.3227e+04 1.1007e+04 1.6085e+04 1.1040e+04 1.6060e+04 1.2851e+04 1.3606e+04 1.5230e+04 1.1757e+04 1.3946e+04 1.1040e+04 1.6060e+04 1.2269e+04
29.5739 1.2727e+04 1.0600e+04 1.5461e+04 1.0630e+04 1.5437e+04 1.2369e+04 1.3088e+04 1.4649e+04 1.1315e+04 1.3412e+04 1.0630e+04 1.5437e+04 1.1816e+04
29.8246 1.2250e+04 1.0210e+04 1.4866e+04 1.0239e+04 1.4843e+04 1.1909e+04 1.2594e+04 1.4094e+04 1.0892e+04 1.2903e+04 1.0239e+04 1.4843e+04 1.1381e+04
30.0752 1.1793e+04 9.8370e+03 1.4296e+04 9.8642e+03 1.4275e+04 1.1468e+04 1.2120e+04 1.3563e+04 1.0487e+04 1.2415e+04 9.8642e+03 1.4275e+04 1.0965e+04
30.3258 1.1355e+04 9.4794e+03 1.3752e+04 9.5052e+03 1.3732e+04 1.1045e+04 1.1668e+04 1.3056e+04 1.0099e+04 1.1949e+04 9.5052e+03 1.3732e+04 1.0567e+04
30.5764 1.0937e+04 9.1369e+03 1.3232e+04 9.1614e+03 1.3213e+04 1.0641e+04 1.1234e+04 1.2570e+04 9.7282e+03 1.1503e+04 9.1614e+03 1.3213e+04 1.0185e+04
30.8271 1.0536e+04 8.8087e+03 1.2735e+04 8.8319e+03 1.2717e+04 1.0254e+04 1.0820e+04 1.2104e+04 9.3730e+03 1.1077e+04 8.8319e+03 1.2717e+04 9.8191e+03
31.0777 1.0152e+04 8.4941e+03 1.2259e+04 8.5161e+03 1.2242e+04 9.8828e+03 1.0423e+04 1.1659e+04 9.0327e+03 1.0669e+04 8.5161e+03 1.2242e+04 9.4685e+03
31.3283 9.7842e+03 8.1925e+03 1.1804e+04 8.2134e+03 1.1788e+04 9.5272e+03 1.0042e+04 1.1232e+04 8.7067e+03 1.0278e+04 8.2134e+03 1.1788e+04 9.1323e+03
31.5789 9.4318e+03 7.9033e+03 1.1369e+04 7.9231e+03 1.1353e+04 9.1864e+03 9.6782e+03 1.0824e+04 8.3943e+03 9.9037e+03 7.9231e+03 1.1353e+04 8.8098e+03
31.8296 9.0940e+03 7.6258e+03 1.0952e+04 7.6446e+03 1.0937e+04 8.8597e+03 9.3292e+03 1.0432e+04 8.0948e+03 9.5454e+03 7.6446e+03 1.0937e+04 8.5005e+03
32.0802 8.7702e+03 7.3596e+03 1.0553e+04 7.3775e+03 1.0539e+04 8.5464e+03 8.9948e+03 1.0057e+04 7.8076e+03 9.2020e+03 7.3775e+03 1.0539e+04 8.2038e+03
32.3308 8.4596e+03 7.1041e+03 1.0171e+04 7.1211e+03 1.0157e+04 8.2458e+03 8.6741e+03 9.6975e+03 7.5322e+03 8.8731e+03 7.1211e+03 1.0157e+04 7.9189e+03
32.5815 8.1618e+03 6.8589e+03 9.8048e+03 6.8751e+03 9.7920e+03 7.9574e+03 8.3667e+03 9.3527e+03 7.2680e+03 8.5578e+03 6.8751e+03 9.7920e+03 7.6455e+03
32.8321 7.8761e+03 6.6235e+03 9.4542e+03 6.6388e+03 9.4420e+03 7.6807e+03 8.0719e+03 9.0220e+03 7.0145e+03 8.2555e+03 6.6388e+03 9.4420e+03 7.3830e+03
33.0827 7.6019e+03 6.3974e+03 9.1181e+03 6.4119e+03 9.1065e+03 7.4150e+03 7.7890e+03 8.7047e+03 6.7712e+03 7.9657e+03 6.4119e+03 9.1065e+03 7.1309e+03
33.3333 7.3387e+03 6.1802e+03 8.7958e+03 6.1940e+03 8.7847e+03 7.1600e+03 7.5176e+03 8.4003e+03 6.5377e+03 7.6875e+03 6.1940e+03 8.7847e+03 6.8886e+03
33.5840 7.0860e+03 5.9715e+03 8.4865e+03 5.9847e+03 8.4760e+03 6.9150e+03 7.2571e+03 8.1081e+03 6.3134e+03 7.4205e+03 5.9847e+03 8.4760e+03 6.6559e+03
33.8346 6.8434e+03 5.7709e+03 8.1897e+03 5.7835e+03 8.1797e+03 6.6797e+03 7.0070e+03 7.8277e+03 6.0981e+03 7.1642e+03 5.7835e+03 8.1797e+03 6.4323e+03
34.0852 6.6103e+03 5.5781e+03 7.9048e+03 5.5901e+03 7.8953e+03 6.4537e+03 6.7669e+03 7.5584e+03 5.8912e+03 6.9180e+03 5.5901e+03 7.8953e+03 6.2173e+03
34.3358 6.3864e+03 5.3927e+03 7.6313e+03 5.4041e+03 7.6223e+03 6.2365e+03 6.5363e+03 7.2997e+03 5.6924e+03 6.6815e+03 5.4041e+03 7.6223e+03 6.0106e+03
34.5865 6.1713e+03 5.2145e+03 7.3687e+03 5.2253e+03 7.3601e+03 6.0277e+03 6.3147e+03 7.0513e+03 5.5014e+03 6.4544e+03 5.2253e+03 7.3601e+03 5.8118e+03
34.8371 5.9645e+03 5.0430e+03 7.1164e+03 5.0534e+03 7.1082e+03 5.8269e+03 6.1019e+03 6.8126e+03 5.3178e+03 6.2361e+03 5.0534e+03 7.1082e+03 5.6205e+03
35.0877 5.7658e+03 4.8781e+03 6.8741e+03 4.8879e+03 6.8662e+03 5.6339e+03 5.8973e+03 6.5832e+03 5.1412e+03 6.0263e+03 4.8879e+03 6.8662e+03 5.4366e+03
35.3383 5.5746e+03 4.7194e+03 6.6412e+03 4.7287e+03 6.6338e+03 5.4483e+03 5.7006e+03 6.3628e+03 4.9714e+03 5.8246e+03 4.7287e+03 6.6338e+03 5.2595e+03
35.5890 5.3908e+03 4.5666e+03 6.4175e+03 4.5755e+03 6.4103e+03 5.2697e+03 5.5116e+03 6.1508e+03 4.8081e+03 5.6308e+03 4.5755e+03 6.4103e+03 5.0891e+03
35.8396 5.2140e+03 4.4195e+03 6.2023e+03 4.4280e+03 6.1956e+03 5.0979e+03 5.3298e+03 5.9470e+03 4.6510e+03 5.4443e+03 4.4280e+03 6.1956e+03 4.9251e+03
36.0902 5.0439e+03 4.2779e+03 5.9955e+03 4.2860e+03 5.9891e+03 4.9326e+03 5.1549e+03 5.7510e+03 4.4998e+03 5.2649e+03 4.2860e+03 5.9891e+03 4.7671e+03
36.3409 4.8803e+03 4.1415e+03 5.7967e+03 4.1493e+03 5.7905e+03 4.7734e+03 4.9866e+03 5.5625e+03 4.3544e+03 5.0924e+03 4.1493e+03 5.7905e+03 4.6150e+03
36.5915 4.7227e+03 4.0101e+03 5.6054e+03 4.0175e+03 5.5995e+03 4.6202e+03 4.8248e+03 5.3811e+03 4.2143e+03 4.9264e+03 4.0175e+03 5.5995e+03 4.4685e+03
36.8421 4.5711e+03 3.8836e+03 5.4214e+03 3.8906e+03 5.4158e+03 4.4727e+03 4.6690e+03 5.2065e+03 4.0794e+03 4.7666e+03 3.8906e+03 5.4158e+03 4.3273e+03
37.0927 4.4251e+03 3.7616e+03 5.2444e+03 3.7683e+03 5.2390e+03 4.3306e+03 4.5190e+03 5.0385e+03 3.9496e+03 4.6128e+03 3.7683e+03 5.2390e+03 4.1913e+03
37.3434 4.2844e+03 3.6441e+03 5.0740e+03 3.6505e+03 5.0689e+03 4.1938e+03 4.3746e+03 4.8767e+03 3.8245e+03 4.4647e+03 3.6505e+03 5.0689e+03 4.0602e+03
37.5940 4.1490e+03 3.5307e+03 4.9100e+03 3.5369e+03 4.9051e+03 4.0619e+03 4.2356e+03 4.7210e+03 3.7040e+03 4.3221e+03 3.5369e+03 4.9051e+03 3.9338e+03
37.8446 4.0185e+03 3.4215e+03 4.7522e+03 3.4274e+03 4.7475e+03 3.9349e+03 4.1017e+03 4.5711e+03 3.5879e+03 4.1848e+03 3.4274e+03 4.7475e+03 3.8119e+03
38.0952 3.8928e+03 3.3161e+03 4.6002e+03 3.3218e+03 4.5957e+03 3.8124e+03 3.9727e+03 4.4266e+03 3.4761e+03 4.0525e+03 3.3218e+03 4.5957e+03 3.6944e+03
38.3459 3.7717e+03 3.2145e+03 4.4539e+03 3.2199e+03 4.4495e+03 3.6944e+03 3.8484e+03 4.2875e+03 3.3682e+03 3.9251e+03 3.2199e+03 4.4495e+03 3.5811e+03
38.5965 3.6549e+03 3.1165e+03 4.3129e+03 3.1216e+03 4.3087e+03 3.5806e+03 3.7286e+03 4.1534e+03 3.2643e+03 3.8023e+03 3.1216e+03 4.3087e+03 3.4717e+03
38.8471 3.5423e+03 3.0219e+03 4.1771e+03 3.0268e+03 4.1731e+03 3.4709e+03 3.6131e+03 4.0242e+03 3.1640e+03 3.6839e+03 3.0268e+03 4.1731e+03 3.3662e+03
39.0977 3.4337e+03 2.9306e+03 4.0462e+03 2.9353e+03 4.0424e+03 3.3651e+03 3.5018e+03 3.8997e+03 3.0673e+03 3.5698e+03 2.9353e+03 4.0424e+03 3.2644e+03
39.3484 3.3290e+03 2.8425e+03 3.9202e+03 2.8470e+03 3.9165e+03 3.2630e+03 3.3945e+03 3.7796e+03 2.9741e+03 3.4599e+03 2.8470e+03 3.9165e+03 3.1662e+03
39.5990 3.2280e+03 2.7575e+03 3.7986e+03 2.7618e+03 3.7952e+03 3.1645e+03 3.2911e+03 3.6639e+03 2.8841e+03 3.3538e+03 2.7618e+03 3.7952e+03 3.0713e+03
39.8496 3.1306e+03 2.6754e+03 3.6815e+03 2.6795e+03 3.6782e+03 3.0695e+03 3.1912e+03 3.5523e+03 2.7973e+03 3.2516e+03 2.6795e+03 3.6782e+03 2.9798e+03
40.1003 3.0366e+03 2.5961e+03 3.5686e+03 2.6000e+03 3.5653e+03 2.9778e+03 3.0950e+03 3.4446e+03 2.7136e+03 3.1529e+03 2.6000e+03 3.5653e+03 2.8913e+03
40.3509 2.9459e+03 2.5195e+03 3.4597e+03 2.5233e+03 3.4566e+03 2.8892e+03 3.0021e+03 3.3408e+03 2.6327e+03 3.0578e+03 2.5233e+03 3.4566e+03 2.8059e+03
40.6015 2.8584e+03 2.4455e+03 3.3546e+03 2.4492e+03 3.3517e+03 2.8038e+03 2.9124e+03 3.2406e+03 2.5547e+03 2.9659e+03 2.4492e+03 3.3517e+03 2.7235e+03
40.8521 2.7738e+03 2.3741e+03 3.2533e+03 2.3775e+03 3.2505e+03 2.7212e+03 2.8259e+03 3.1439e+03 2.4793e+03 2.8773e+03 2.3775e+03 3.2505e+03 2.6438e+03
41.1028 2.6921e+03 2.3050e+03 3.1555e+03 2.3083e+03 3.1528e+03 2.6415e+03 2.7423e+03 3.0504e+03 2.4065e+03 2.7917e+03 2.3083e+03 3.1528e+03 2.5668e+03
41.3534 2.6132e+03 2.2382e+03 3.0611e+03 2.2414e+03 3.0584e+03 2.5644e+03 2.6615e+03 2.9602e+03 2.3361e+03 2.7091e+03 2.2414e+03 3.0584e+03 2.4923e+03
41.6040 2.5369e+03 2.1737e+03 2.9699e+03 2.1768e+03 2.9674e+03 2.4899e+03 2.5834e+03 2.8730e+03 2.2681e+03 2.6293e+03 2.1768e+03 2.9674e+03 2.4204e+03
41.8546 2.4632e+03 2.1113e+03 2.8818e+03 2.1143e+03 2.8794e+03 2.4178e+03 2.5080e+03 2.7887e+03 2.2023e+03 2.5521e+03 2.1143e+03 2.8794e+03 2.3508e+03
42.1053 2.3919e+03 2.0510e+03 2.7968e+03 2.0538e+03 2.7945e+03 2.3482e+03 2.4351e+03 2.7073e+03 2.1388e+03 2.4776e+03 2.0538e+03 2.7945e+03 2.2836e+03
42.3559 2.3230e+03 1.9927e+03 2.7146e+03 1.9954e+03 2.7124e+03 2.2808e+03 2.3647e+03 2.6286e+03 2.0773e+03 2.4056e+03 1.9954e+03 2.7124e+03 2.2186e+03
42.6065 2.2563e+03 1.9363e+03 2.6353e+03 1.9389e+03 2.6331e+03 2.2157e+03 2.2965e+03 2.5525e+03 2.0179e+03 2.3360e+03 1.9389e+03 2.6331e+03 2.1557e+03
42.8571 2.1919e+03 1.8817e+03 2.5586e+03 1.8842e+03 2.5565e+03 2.1527e+03 2.2307e+03 2.4789e+03 1.9604e+03 2.2687e+03 1.8842e+03 2.5565e+03 2.0949e+03
43.1078 2.1296e+03 1.8289e+03 2.4845e+03 1.8313e+03 2.4825e+03 2.0918e+03 2.1669e+03 2.4077e+03 1.9048e+03 2.2036e+03 1.8313e+03 2.4825e+03 2.0360e+03
43.3584 2.0693e+03 1.7778e+03 2.4128e+03 1.7801e+03 2.4109e+03 2.0328e+03 2.1053e+03 2.3389e+03 1.8510e+03 2.1407e+03 1.7801e+03 2.4109e+03 1.9791e+03
43.6090 2.0110e+03 1.7284e+03 2.3436e+03 1.7306e+03 2.3417e+03 1.9757e+03 2.0457e+03 2.2724e+03 1.7990e+03 2.0799e+03 1.7306e+03 2.3417e+03 1.9240e+03
43.8596 1.9545e+03 1.6805e+03 2.2766e+03 1.6827e+03 2.2748e+03 1.9205e+03 1.9880e+03 2.2080e+03 1.7486e+03 2.0210e+03 1.6827e+03 2.2748e+03 1.8707e+03
44.1103 1.8999e+03 1.6342e+03 2.2118e+03 1.6363e+03 2.2101e+03 1.8671e+03 1.9323e+03 2.1457e+03 1.6999e+03 1.9641e+03 1.6363e+03 2.2101e+03 1.8190e+03
44.3609 1.8470e+03 1.5894e+03 2.1492e+03 1.5913e+03 2.1476e+03 1.8153e+03 1.8783e+03 2.0854e+03 1.6527e+03 1.9090e+03 1.5913e+03 2.1476e+03 1.7690e+03
44.6115 1.7958e+03 1.5460e+03 2.0886e+03 1.5478e+03 2.0870e+03 1.7652e+03 1.8260e+03 2.0271e+03 1.6070e+03 1.8557e+03 1.5478e+03 2.0870e+03 1.7207e+03
44.8622 1.7463e+03 1.5039e+03 2.0300e+03 1.5057e+03 2.0285e+03 1.7168e+03 1.7754e+03 1.9706e+03 1.5628e+03 1.8041e+03 1.5057e+03 2.0285e+03 1.6738e+03
45.1128 1.6983e+03 1.4632e+03 1.9732e+03 1.4649e+03 1.9718e+03 1.6698e+03 1.7264e+03 1.9160e+03 1.5200e+03 1.7542e+03 1.4649e+03 1.9718e+03 1.6284e+03
45.3634 1.6518e+03 1.4237e+03 1.9183e+03 1.4254e+03 1.9170e+03 1.6243e+03 1.6790e+03 1.8631e+03 1.4785e+03 1.7058e+03 1.4254e+03 1.9170e+03 1.5845e+03
45.6140 1.6068e+03 1.3855e+03 1.8652e+03 1.3871e+03 1.8639e+03 1.5802e+03 1.6331e+03 1.8118e+03 1.4384e+03 1.6590e+03 1.3871e+03 1.8639e+03 1.5419e+03
45.8647 1.5633e+03 1.3484e+03 1.8138e+03 1.3500e+03 1.8125e+03 1.5375e+03 1.5886e+03 1.7622e+03 1.3995e+03 1.6137e+03 1.3500e+03 1.8125e+03 1.5006e+03
46.1153 1.5210e+03 1.3125e+03 1.7640e+03 1.3140e+03 1.7627e+03 1.4962e+03 1.5456e+03 1.7142e+03 1.3618e+03 1.5698e+03 1.3140e+03 1.7627e+03 1.4606e+03
46.3659 1.4802e+03 1.2778e+03 1.7157e+03 1.2792e+03 1.7145e+03 1.4561e+03 1.5038e+03 1.6677e+03 1.3253e+03 1.5273e+03 1.2792e+03 1.7145e+03 1.4218e+03
46.6165 1.4405e+03 1.2440e+03 1.6691e+03 1.2454e+03 1.6679e+03 1.4173e+03 1.4634e+03 1.6226e+03 1.2899e+03 1.4861e+03 1.2454e+03 1.6679e+03 1.3843e+03
46.8672 1.4021e+03 1.2113e+03 1.6238e+03 1.2127e+03 1.6227e+03 1.3797e+03 1.4243e+03 1.5790e+03 1.2556e+03 1.4462e+03 1.2127e+03 1.6227e+03 1.3479e+03
47.1178 1.3649e+03 1.1797e+03 1.5800e+03 1.1809e+03 1.5789e+03 1.3432e+03 1.3863e+03 1.5367e+03 1.2223e+03 1.4075e+03 1.1809e+03 1.5789e+03 1.3126e+03
47.3684 1.3288e+03 1.1489e+03 1.5376e+03 1.1502e+03 1.5365e+03 1.3078e+03 1.3495e+03 1.4957e+03 1.1901e+03 1.3701e+03 1.1502e+03 1.5365e+03 1.2783e+03
47.6190 1.2938e+03 1.1191e+03 1.4964e+03 1.1203e+03 1.4954e+03 1.2735e+03 1.3139e+03 1.4559e+03 1.1589e+03 1.3337e+03 1.1203e+03 1.4954e+03 1.2452e+03
47.8697 1.2599e+03 1.0902e+03 1.4566e+03 1.0913e+03 1.4556e+03 1.2402e+03 1.2793e+03 1.4174e+03 1.1286e+03 1.2985e+03 1.0913e+03 1.4556e+03 1.2130e+03
48.1203 1.2270e+03 1.0622e+03 1.4180e+03 1.0633e+03 1.4170e+03 1.2080e+03 1.2458e+03 1.3801e+03 1.0992e+03 1.2644e+03 1.0633e+03 1.4170e+03 1.1817e+03
48.3709 1.1952e+03 1.0350e+03 1.3805e+03 1.0360e+03 1.3796e+03 1.1767e+03 1.2133e+03 1.3439e+03 1.0707e+03 1.2313e+03 1.0360e+03 1.3796e+03 1.1515e+03
48.6216 1.1642e+03 1.0086e+03 1.3442e+03 1.0096e+03 1.3433e+03 1.1464e+03 1.1818e+03 1.3088e+03 1.0431e+03 1.1992e+03 1.0096e+03 1.3433e+03 1.1221e+03
48.8722 1.1343e+03 9.8295e+02 1.3090e+03 9.8394e+02 1.3082e+03 1.1170e+03 1.1513e+03 1.2748e+03 1.0163e+03 1.1681e+03 9.8394e+02 1.3082e+03 1.0935e+03
49.1228 1.1052e+03 9.5809e+02 1.2749e+03 9.5905e+02 1.2741e+03 1.0884e+03 1.1217e+03 1.2418e+03 9.9029e+02 1.1379e+03 9.5905e+02 1.2741e+03 1.0659e+03
49.3734 1.0769e+03 9.3397e+02 1.2418e+03 9.3489e+02 1.2410e+03 1.0607e+03 1.0929e+03 1.2099e+03 9.6506e+02 1.1086e+03 9.3489e+02 1.2410e+03 1.0390e+03
49.6241 1.0496e+03 9.1055e+02 1.2097e+03 9.1144e+02 1.2089e+03 1.0339e+03 1.0650e+03 1.1788e+03 9.4057e+02 1.0802e+03 9.1144e+02 1.2089e+03 1.0129e+03
49.8747 1.0230e+03 8.8782e+02 1.1786e+03 8.8867e+02 1.1778e+03 1.0078e+03 1.0380e+03 1.1487e+03 9.1682e+02 1.0526e+03 8.8867e+02 1.1778e+03 9.8764e+02
50.1253 9.9720e+02 8.6574e+02 1.1483e+03 8.6657e+02 1.1476e+03 9.8246e+02 1.0117e+03 1.1195e+03 8.9375e+02 1.0259e+03 8.6657e+02 1.1476e+03 9.6306e+02
50.3759 9.7216e+02 8.4429e+02 1.1190e+03 8.4509e+02 1.1183e+03 9.5787e+02 9.8622e+02 1.0912e+03 8.7135e+02 9.9990e+02 8.4509e+02 1.1183e+03 9.3918e+02
50.6266 9.4783e+02 8.2344e+02 1.0906e+03 8.2422e+02 1.0899e+03 9.3398e+02 9.6147e+02 1.0637e+03 8.4960e+02 9.7469e+02 8.2422e+02 1.0899e+03 9.1598e+02
50.8772 9.2421e+02 8.0319e+02 1.0629e+03 8.0393e+02 1.0623e+03 9.1078e+02 9.3743e+02 1.0369e+03 8.2847e+02 9.5021e+02 8.0393e+02 1.0623e+03 8.9344e+02
51.1278 9.0127e+02 7.8350e+02 1.0361e+03 7.8422e+02 1.0355e+03 8.8825e+02 9.1408e+02 1.0110e+03 8.0795e+02 9.2644e+02 7.8422e+02 1.0355e+03 8.7152e+02
51.3784 8.7898e+02 7.6437e+02 1.0101e+03 7.6507e+02 1.0095e+03 8.6635e+02 8.9140e+02 9.8576e+02 7.8801e+02 9.0335e+02 7.6507e+02 1.0095e+03 8.5022e+02
51.6291 8.5732e+02 7.4577e+02 9.8481e+02 7.4645e+02 9.8424e+02 8.4507e+02 8.6937e+02 9.6127e+02 7.6863e+02 8.8092e+02 7.4645e+02 9.8424e+02 8.2952e+02
51.8797 8.3627e+02 7.2769e+02 9.6026e+02 7.2834e+02 9.5971e+02 8.2439e+02 8.4796e+02 9.3748e+02 7.4980e+02 8.5914e+02 7.2834e+02 9.5971e+02 8.0939e+02
52.1303 8.1582e+02 7.1011e+02 9.3642e+02 7.1074e+02 9.3588e+02 8.0430e+02 8.2716e+02 9.1437e+02 7.3150e+02 8.3798e+02 7.1074e+02 9.3588e+02 7.8982e+02
52.3810 7.9595e+02 6.9302e+02 9.1326e+02 6.9363e+02 9.1274e+02 7.8477e+02 8.0695e+02 8.9191e+02 7.1372e+02 8.1741e+02 6.9363e+02 9.1274e+02 7.7079e+02
52.6316 7.7663e+02 6.7640e+02 8.9076e+02 6.7699e+02 8.9025e+02 7.6578e+02 7.8730e+02 8.7008e+02 6.9643e+02 7.9743e+02 6.7699e+02 8.9025e+02 7.5229e+02
52.8822 7.5785e+02 6.6023e+02 8.6889e+02 6.6080e+02 8.6841e+02 7.4732e+02 7.6821e+02 8.4887e+02 6.7963e+02 7.7801e+02 6.6080e+02 8.6841e+02 7.3429e+02
53.1328 7.3959e+02 6.4451e+02 8.4765e+02 6.4506e+02 8.4718e+02 7.2937e+02 7.4965e+02 8.2825e+02 6.6329e+02 7.5914e+02 6.4506e+02 8.4718e+02 7.1679e+02
53.3835 7.2184e+02 6.2921e+02 8.2701e+02 6.2975e+02 8.2655e+02 7.1192e+02 7.3160e+02 8.0821e+02 6.4740e+02 7.4079e+02 6.2975e+02 8.2655e+02 6.9976e+02
53.6341 7.0458e+02 6.1434e+02 8.0694e+02 6.1485e+02 8.0650e+02 6.9494e+02 7.1406e+02 7.8873e+02 6.3195e+02 7.2296e+02 6.1485e+02 8.0650e+02 6.8320e+02
53.8847 6.8779e+02 5.9986e+02 7.8744e+02 6.0036e+02 7.8701e+02 6.7844e+02 6.9699e+02 7.6978e+02 6.1692e+02 7.0562e+02 6.0036e+02 7.8701e+02 6.6709e+02
54.1353 6.7147e+02 5.8578e+02 7.6848e+02 5.8626e+02 7.6807e+02 6.6238e+02 6.8040e+02 7.5136e+02 6.0230e+02 6.8875e+02 5.8626e+02 7.6807e+02 6.5141e+02
54.3860 6.5558e+02 5.7207e+02 7.5005e+02 5.7254e+02 7.4965e+02 6.4676e+02 6.6426e+02 7.3345e+02 5.8808e+02 6.7236e+02 5.7254e+02 7.4965e+02 6.3615e+02
54.6366 6.4013e+02 5.5874e+02 7.3212e+02 5.5919e+02 7.3174e+02 6.3156e+02 6.4857e+02 7.1603e+02 5.7425e+02 6.5641e+02 5.5919e+02 7.3174e+02 6.2130e+02
54.8872 6.2510e+02 5.4576e+02 7.1470e+02 5.4620e+02 7.1432e+02 6.1678e+02 6.3329e+02 6.9908e+02 5.6079e+02 6.4090e+02 5.4620e+02 7.1432e+02 6.0686e+02
55.1378 6.1048e+02 5.3313e+02 6.9774e+02 5.3355e+02 6.9738e+02 6.0239e+02 6.1844e+02 6.8259e+02 5.4770e+02 6.2581e+02 5.3355e+02 6.9738e+02 5.9279e+02
55.3885 5.9625e+02 5.2083e+02 6.8126e+02 5.2124e+02 6.8090e+02 5.8839e+02 6.0398e+02 6.6656e+02 5.3496e+02 6.1113e+02 5.2124e+02 6.8090e+02 5.7910e+02
55.6391 5.8240e+02 5.0886e+02 6.6522e+02 5.0925e+02 6.6488e+02 5.7476e+02 5.8992e+02 6.5095e+02 5.2255e+02 5.9684e+02 5.0925e+02 6.6488e+02 5.6577e+02
55.8897 5.6892e+02 4.9720e+02 6.4962e+02 4.9759e+02 6.4929e+02 5.6149e+02 5.7623e+02 6.3577e+02 5.1048e+02 5.8294e+02 4.9759e+02 6.4929e+02 5.5280e+02
56.1404 5.5580e+02 4.8585e+02 6.3444e+02 4.8623e+02 6.3412e+02 5.4858e+02 5.6290e+02 6.2099e+02 4.9873e+02 5.6942e+02 4.8623e+02 6.3412e+02 5.4017e+02
56.3910 5.4303e+02 4.7480e+02 6.1967e+02 4.7517e+02 6.1936e+02 5.3601e+02 5.4994e+02 6.0661e+02 4.8729e+02 5.5625e+02 4.7517e+02 6.1936e+02 5.2787e+02
56.6416 5.3060e+02 4.6404e+02 6.0529e+02 4.6439e+02 6.0499e+02 5.2377e+02 5.3731e+02 5.9261e+02 4.7616e+02 5.4344e+02 4.6439e+02 6.0499e+02 5.1589e+02
56.8922 5.1850e+02 4.5356e+02 5.9130e+02 4.5390e+02 5.9101e+02 5.1186e+02 5.2502e+02 5.7899e+02 4.6531e+02 5.3097e+02 4.5390e+02 5.9101e+02 5.0423e+02
57.1429 5.0671e+02 4.4335e+02 5.7768e+02 4.4368e+02 5.7740e+02 5.0025e+02 5.1306e+02 5.6572e+02 4.5475e+02 5.1882e+02 4.4368e+02 5.7740e+02 4.9287e+02
57.3935 4.9523e+02 4.3341e+02 5.6443e+02 4.3373e+02 5.6415e+02 4.8895e+02 5.0141e+02 5.5281e+02 4.4447e+02 5.0700e+02 4.3373e+02 5.6415e+02 4.8180e+02
57.6441 4.8405e+02 4.2373e+02 5.5153e+02 4.2404e+02 5.5126e+02 4.7794e+02 4.9006e+02 5.4024e+02 4.3446e+02 4.9548e+02 4.2404e+02 5.5126e+02 4.7102e+02
57.8947 4.7317e+02 4.1429e+02 5.3896e+02 4.1459e+02 5.3870e+02 4.6722e+02 4.7901e+02 5.2799e+02 4.2470e+02 4.8427e+02 4.1459e+02 5.3870e+02 4.6052e+02
58.1454 4.6256e+02 4.0510e+02 5.2673e+02 4.0539e+02 5.2647e+02 4.5678e+02 4.6825e+02 5.1607e+02 4.1520e+02 4.7335e+02 4.0539e+02 5.2647e+02 4.5029e+02
58.3960 4.5223e+02 3.9614e+02 5.1481e+02 3.9642e+02 5.1457e+02 4.4660e+02 4.5776e+02 5.0445e+02 4.0594e+02 4.6272e+02 3.9642e+02 5.1457e+02 4.4032e+02
58.6466 4.4217e+02 3.8741e+02 5.0321e+02 3.8769e+02 5.0297e+02 4.3669e+02 4.4755e+02 4.9314e+02 3.9693e+02 4.5236e+02 3.8769e+02 5.0297e+02 4.3061e+02
58.8972 4.3236e+02 3.7891e+02 4.9191e+02 3.7917e+02 4.9168e+02 4.2703e+02 4.3760e+02 4.8212e+02 3.8814e+02 4.4226e+02 3.7917e+02 4.9168e+02 4.2114e+02
59.1479 4.2281e+02 3.7062e+02 4.8090e+02 3.7087e+02 4.8067e+02 4.1762e+02 4.2791e+02 4.7138e+02 3.7957e+02 4.3243e+02 3.7087e+02 4.8067e+02 4.1192e+02
59.3985 4.1350e+02 3.6253e+02 4.7017e+02 3.6279e+02 4.6996e+02 4.0844e+02 4.1846e+02 4.6092e+02 3.7123e+02 4.2285e+02 3.6279e+02 4.6996e+02 4.0293e+02
59.6491 4.0442e+02 3.5466e+02 4.5973e+02 3.5490e+02 4.5951e+02 3.9950e+02 4.0926e+02 4.5073e+02 3.6310e+02 4.1351e+02 3.5490e+02 4.5951e+02 3.9417e+02
59.8997 3.9558e+02 3.4698e+02 4.4954e+02 3.4722e+02 4.4934e+02 3.9079e+02 4.0029e+02 4.4080e+02 3.5517e+02 4.0441e+02 3.4722e+02 4.4934e+02 3.8563e+02
60.1504 3.8696e+02 3.3950e+02 4.3962e+02 3.3973e+02 4.3942e+02 3.8229e+02 3.9155e+02 4.3112e+02 3.4744e+02 3.9555e+02 3.3973e+02 4.3942e+02 3.7730e+02
60.4010 3.7855e+02 3.3220e+02 4.2995e+02 3.3242e+02 4.2976e+02 3.7401e+02 3.8302e+02 4.2169e+02 3.3991e+02 3.8690e+02 3.3242e+02 4.2976e+02 3.6919e+02
60.6516 3.7036e+02 3.2509e+02 4.2053e+02 3.2530e+02 4.2034e+02 3.6594e+02 3.7471e+02 4.1250e+02 3.3256e+02 3.7848e+02 3.2530e+02 4.2034e+02 3.6127e+02
60.9023 3.6237e+02 3.1815e+02 4.1135e+02 3.1836e+02 4.1116e+02 3.5806e+02 3.6662e+02 4.0354e+02 3.2540e+02 3.7026e+02 3.1836e+02 4.1116e+02 3.5356e+02
61.1529 3.5459e+02 3.1138e+02 4.0239e+02 3.1159e+02 4.0221e+02 3.5039e+02 3.5872e+02 3.9480e+02 3.1842e+02 3.6225e+02 3.1159e+02 4.0221e+02 3.4603e+02
61.4035 3.4699e+02 3.0479e+02 3.9366e+02 3.0499e+02 3.9349e+02 3.4290e+02 3.5102e+02 3.8628e+02 3.1161e+02 3.5444e+02 3.0499e+02 3.9349e+02 3.3870e+02
61.6541 3.3959e+02 2.9835e+02 3.8515e+02 2.9854e+02 3.8498e+02 3.3560e+02 3.4351e+02 3.7798e+02 3.0497e+02 3.4683e+02 2.9854e+02 3.8498e+02 3.3154e+02
61.9048 3.3236e+02 2.9207e+02 3.7685e+02 2.9226e+02 3.7669e+02 3.2847e+02 3.3619e+02 3.6988e+02 2.9849e+02 3.3940e+02 2.9226e+02 3.7669e+02 3.2456e+02
62.1554 3.2531e+02 2.8594e+02 3.6876e+02 2.8612e+02 3.6860e+02 3.2152e+02 3.2904e+02 3.6197e+02 2.9217e+02 3.3216e+02 2.8612e+02 3.6860e+02 3.1774e+02
62.4060 3.1844e+02 2.7996e+02 3.6087e+02 2.8014e+02 3.6071e+02 3.1474e+02 3.2207e+02 3.5427e+02 2.8600e+02 3.2509e+02 2.8014e+02 3.6071e+02 3.1109e+02
62.6566 3.1173e+02 2.7412e+02 3.5317e+02 2.7429e+02 3.5301e+02 3.0812e+02 3.1527e+02 3.4675e+02 2.7999e+02 3.1820e+02 2.7429e+02 3.5301e+02 3.0460e+02
62.9073 3.0518e+02 2.6842e+02 3.4566e+02 2.6859e+02 3.4551e+02 3.0167e+02 3.0863e+02 3.3941e+02 2.7411e+02 3.1147e+02 2.6859e+02 3.4551e+02 2.9826e+02
63.1579 2.9879e+02 2.6286e+02 3.3833e+02 2.6302e+02 3.3819e+02 2.9537e+02 3.0216e+02 3.3226e+02 2.6838e+02 3.0491e+02 2.6302e+02 3.3819e+02 2.9207e+02
63.4085 2.9255e+02 2.5742e+02 3.3119e+02 2.5758e+02 3.3105e+02 2.8921e+02 2.9584e+02 3.2527e+02 2.6279e+02 2.9851e+02 2.5758e+02 3.3105e+02 2.8603e+02
63.6591 2.8647e+02 2.5212e+02 3.2421e+02 2.5228e+02 3.2407e+02 2.8321e+02 2.8967e+02 3.1846e+02 2.5733e+02 2.9226e+02 2.5228e+02 3.2407e+02 2.8014e+02
63.9098 2.8053e+02 2.4694e+02 3.1741e+02 2.4709e+02 3.1727e+02 2.7735e+02 2.8365e+02 3.1181e+02 2.5200e+02 2.8616e+02 2.4709e+02 3.1727e+02 2.7438e+02
64.1604 2.7473e+02 2.4189e+02 3.1077e+02 2.4203e+02 3.1064e+02 2.7163e+02 2.7778e+02 3.0532e+02 2.4679e+02 2.8021e+02 2.4203e+02 3.1064e+02 2.6876e+02
64.4110 2.6907e+02 2.3695e+02 3.0429e+02 2.3709e+02 3.0416e+02 2.6604e+02 2.7204e+02 2.9898e+02 2.4171e+02 2.7440e+02 2.3709e+02 3.0416e+02 2.6327e+02
64.6617 2.6354e+02 2.3213e+02 2.9796e+02 2.3227e+02 2.9784e+02 2.6059e+02 2.6644e+02 2.9280e+02 2.3675e+02 2.6872e+02 2.3227e+02 2.9784e+02 2.5791e+02
64.9123 2.5814e+02 2.2742e+02 2.9179e+02 2.2755e+02 2.9167e+02 2.5526e+02 2.6097e+02 2.8676e+02 2.3191e+02 2.6319e+02 2.2755e+02 2.9167e+02 2.5267e+02
65.1629 2.5287e+02 2.2282e+02 2.8576e+02 2.2295e+02 2.8565e+02 2.5006e+02 2.5563e+02 2.8087e+02 2.2718e+02 2.5778e+02 2.2295e+02 2.8565e+02 2.4756e+02
65.4135 2.4772e+02 2.1832e+02 2.7988e+02 2.1845e+02 2.7977e+02 2.4498e+02 2.5042e+02 2.7511e+02 2.2256e+02 2.5250e+02 2.1845e+02 2.7977e+02 2.4256e+02
65.6642 2.4270e+02 2.1394e+02 2.7414e+02 2.1406e+02 2.7403e+02 2.4002e+02 2.4533e+02 2.6949e+02 2.1805e+02 2.4735e+02 2.1406e+02 2.7403e+02 2.3768e+02
65.9148 2.3779e+02 2.0965e+02 2.6853e+02 2.0977e+02 2.6842e+02 2.3518e+02 2.4036e+02 2.6400e+02 2.1364e+02 2.4231e+02 2.0977e+02 2.6842e+02 2.3291e+02
66.1654 2.3299e+02 2.0546e+02 2.6305e+02 2.0557e+02 2.6295e+02 2.3044e+02 2.3550e+02 2.5864e+02 2.0933e+02 2.3740e+02 2.0557e+02 2.6295e+02 2.2825e+02
66.4160 2.2831e+02 2.0136e+02 2.5771e+02 2.0148e+02 2.5760e+02 2.2582e+02 2.3076e+02 2.5341e+02 2.0513e+02 2.3260e+02 2.0148e+02 2.5760e+02 2.2370e+02
66.6667 2.2373e+02 1.9736e+02 2.5248e+02 1.9747e+02 2.5238e+02 2.2130e+02 2.2612e+02 2.4829e+02 2.0102e+02 2.2791e+02 1.9747e+02 2.5238e+02 2.1925e+02
66.9173 2.1926e+02 1.9345e+02 2.4738e+02 1.9356e+02 2.4729e+02 2.1689e+02 2.2160e+02 2.4330e+02 1.9701e+02 2.2333e+02 1.9356e+02 2.4729e+02 2.1491e+02
67.1679 2.1489e+02 1.8963e+02 2.4240e+02 1.8974e+02 2.4231e+02 2.1257e+02 2.1718e+02 2.3842e+02 1.9309e+02 2.1885e+02 1.8974e+02 2.4231e+02 2.1066e+02
67.4185 2.1062e+02 1.8590e+02 2.3754e+02 1.8600e+02 2.3744e+02 2.0836e+02 2.1285e+02 2.3366e+02 1.8925e+02 2.1448e+02 1.8600e+02 2.3744e+02 2.0651e+02
67.6692 2.0645e+02 1.8225e+02 2.3278e+02 1.8235e+02 2.3269e+02 2.0424e+02 2.0863e+02 2.2900e+02 1.8551e+02 2.1021e+02 1.8235e+02 2.3269e+02 2.0245e+02
67.9198 2.0238e+02 1.7868e+02 2.2814e+02 1.7878e+02 2.2805e+02 2.0022e+02 2.0450e+02 2.2445e+02 1.8185e+02 2.0603e+02 1.7878e+02 2.2805e+02 1.9848e+02
68.1704 1.9839e+02 1.7519e+02 2.2360e+02 1.7529e+02 2.2351e+02 1.9628e+02 2.0047e+02 2.2000e+02 1.7827e+02 2.0195e+02 1.7529e+02 2.2351e+02 1.9460e+02
68.4211 1.9450e+02 1.7178e+02 2.1916e+02 1.7187e+02 2.1908e+02 1.9244e+02 1.9653e+02 2.1566e+02 1.7477e+02 1.9797e+02 1.7187e+02 2.1908e+02 1.9081e+02
68.6717 1.9069e+02 1.6845e+02 2.1483e+02 1.6854e+02 2.1475e+02 1.8868e+02 1.9268e+02 2.1141e+02 1.7135e+02 1.9407e+02 1.6854e+02 2.1475e+02 1.8711e+02
68.9223 1.8697e+02 1.6519e+02 2.1060e+02 1.6528e+02 2.1052e+02 1.8500e+02 1.8891e+02 2.0726e+02 1.6801e+02 1.9026e+02 1.6528e+02 2.1052e+02 1.8349e+02
69.1729 1.8334e+02 1.6200e+02 2.0646e+02 1.6209e+02 2.0638e+02 1.8141e+02 1.8523e+02 2.0320e+02 1.6475e+02 1.8654e+02 1.6209e+02 2.0638e+02 1.7994e+02
69.4236 1.7978e+02 1.5888e+02 2.0241e+02 1.5897e+02 2.0234e+02 1.7790e+02 1.8163e+02 1.9924e+02 1.6155e+02 1.8290e+02 1.5897e+02 2.0234e+02 1.7648e+02
69.6742 1.7630e+02 1.5584e+02 1.9846e+02 1.5592e+02 1.9838e+02 1.7447e+02 1.7812e+02 1.9536e+02 1.5843e+02 1.7934e+02 1.5592e+02 1.9838e+02 1.7309e+02
69.9248 1.7291e+02 1.5286e+02 1.9459e+02 1.5294e+02 1.9452e+02 1.7111e+02 1.7468e+02 1.9157e+02 1.5538e+02 1.7587e+02 1.5294e+02 1.9452e+02 1.6978e+02
70.1754 1.6958e+02 1.4994e+02 1.9081e+02 1.5002e+02 1.9074e+02 1.6782e+02 1.7131e+02 1.8787e+02 1.5239e+02 1.7247e+02 1.5002e+02 1.9074e+02 1.6654e+02
70.4261 1.6633e+02 1.4709e+02 1.8712e+02 1.4716e+02 1.8705e+02 1.6461e+02 1.6802e+02 1.8424e+02 1.4947e+02 1.6914e+02 1.4716e+02 1.8705e+02 1.6337e+02
70.6767 1.6315e+02 1.4430e+02 1.8351e+02 1.4437e+02 1.8344e+02 1.6147e+02 1.6481e+02 1.8070e+02 1.4662e+02 1.6589e+02 1.4437e+02 1.8344e+02 1.6027e+02
70.9273 1.6004e+02 1.4157e+02 1.7997e+02 1.4164e+02 1.7991e+02 1.5840e+02 1.6166e+02 1.7724e+02 1.4382e+02 1.6271e+02 1.4164e+02 1.7991e+02 1.5724e+02
71.1779 1.5700e+02 1.3890e+02 1.7652e+02 1.3897e+02 1.7646e+02 1.5539e+02 1.5858e+02 1.7385e+02 1.4109e+02 1.5960e+02 1.3897e+02 1.7646e+02 1.5427e+02
71.4286 1.5403e+02 1.3629e+02 1.7314e+02 1.3636e+02 1.7308e+02 1.5245e+02 1.5557e+02 1.7053e+02 1.3842e+02 1.5656e+02 1.3636e+02 1.7308e+02 1.5137e+02
71.6792 1.5112e+02 1.3373e+02 1.6984e+02 1.3380e+02 1.6978e+02 1.4958e+02 1.5263e+02 1.6729e+02 1.3580e+02 1.5359e+02 1.3380e+02 1.6978e+02 1.4853e+02
71.9298 1.4827e+02 1.3124e+02 1.6661e+02 1.3130e+02 1.6655e+02 1.4676e+02 1.4975e+02 1.6412e+02 1.3324e+02 1.5068e+02 1.3130e+02 1.6655e+02 1.4575e+02
72.1805 1.4548e+02 1.2879e+02 1.6345e+02 1.2885e+02 1.6339e+02 1.4401e+02 1.4693e+02 1.6102e+02 1.3074e+02 1.4783e+02 1.2885e+02 1.6339e+02 1.4303e+02
72.4311 1.4276e+02 1.2639e+02 1.6035e+02 1.2646e+02 1.6030e+02 1.4132e+02 1.4418e+02 1.5799e+02 1.2829e+02 1.4504e+02 1.2646e+02 1.6030e+02 1.4037e+02
72.6817 1.4009e+02 1.2405e+02 1.5733e+02 1.2411e+02 1.5727e+02 1.3868e+02 1.4148e+02 1.5502e+02 1.2590e+02 1.4232e+02 1.2411e+02 1.5727e+02 1.3777e+02
72.9323 1.3748e+02 1.2176e+02 1.5437e+02 1.2182e+02 1.5432e+02 1.3610e+02 1.3884e+02 1.5211e+02 1.2355e+02 1.3965e+02 1.2182e+02 1.5432e+02 1.3522e+02
73.1830 1.3493e+02 1.1952e+02 1.5148e+02 1.1958e+02 1.5142e+02 1.3358e+02 1.3626e+02 1.4927e+02 1.2126e+02 1.3704e+02 1.1958e+02 1.5142e+02 1.3273e+02
73.4336 1.3243e+02 1.1732e+02 1.4864e+02 1.1738e+02 1.4859e+02 1.3111e+02 1.3373e+02 1.4649e+02 1.1901e+02 1.3449e+02 1.1738e+02 1.4859e+02 1.3029e+02
73.6842 1.2998e+02 1.1517e+02 1.4587e+02 1.1523e+02 1.4582e+02 1.2869e+02 1.3125e+02 1.4377e+02 1.1681e+02 1.3199e+02 1.1523e+02 1.4582e+02 1.2790e+02
73.9348 1.2759e+02 1.1306e+02 1.4316e+02 1.1312e+02 1.4311e+02 1.2632e+02 1.2883e+02 1.4110e+02 1.1466e+02 1.2955e+02 1.1312e+02 1.4311e+02 1.2556e+02
74.1855 1.2524e+02 1.1100e+02 1.4050e+02 1.1106e+02 1.4045e+02 1.2401e+02 1.2646e+02 1.3850e+02 1.1256e+02 1.2716e+02 1.1106e+02 1.4045e+02 1.2327e+02
74.4361 1.2295e+02 1.0899e+02 1.3790e+02 1.0904e+02 1.3786e+02 1.2174e+02 1.2414e+02 1.3595e+02 1.1050e+02 1.2481e+02 1.0904e+02 1.3786e+02 1.2103e+02
74.6867 1.2070e+02 1.0701e+02 1.3536e+02 1.0706e+02 1.3531e+02 1.1952e+02 1.2187e+02 1.3345e+02 1.0848e+02 1.2252e+02 1.0706e+02 1.3531e+02 1.1884e+02
74.9373 1.1851e+02 1.0508e+02 1.3287e+02 1.0513e+02 1.3282e+02 1.1735e+02 1.1965e+02 1.3100e+02 1.0650e+02 1.2028e+02 1.0513e+02 1.3282e+02 1.1669e+02
75.1880 1.1635e+02 1.0319e+02 1.3043e+02 1.0323e+02 1.3039e+02 1.1522e+02 1.1747e+02 1.2861e+02 1.0457e+02 1.1808e+02 1.0323e+02 1.3039e+02 1.1459e+02
75.4386 1.1425e+02 1.0133e+02 1.2805e+02 1.0138e+02 1.2800e+02 1.1313e+02 1.1534e+02 1.2627e+02 1.0267e+02 1.1593e+02 1.0138e+02 1.2800e+02 1.1253e+02
75.6892 1.1218e+02 9.9516e+01 1.2571e+02 9.9563e+01 1.2567e+02 1.1109e+02 1.1326e+02 1.2397e+02 1.0082e+02 1.1382e+02 9.9563e+01 1.2567e+02 1.1051e+02
75.9398 1.1016e+02 9.7738e+01 1.2343e+02 9.7784e+01 1.2338e+02 1.0909e+02 1.1121e+02 1.2173e+02 9.9005e+01 1.1176e+02 9.7784e+01 1.2338e+02 1.0853e+02
76.1905 1.0818e+02 9.5996e+01 1.2119e+02 9.6041e+01 1.2115e+02 1.0714e+02 1.0921e+02 1.1953e+02 9.7226e+01 1.0974e+02 9.6041e+01 1.2115e+02 1.0660e+02
76.4411 1.0624e+02 9.4289e+01 1.1899e+02 9.4333e+01 1.1895e+02 1.0522e+02 1.0725e+02 1.1738e+02 9.5484e+01 1.0776e+02 9.4333e+01 1.1895e+02 1.0470e+02
76.6917 1.0434e+02 9.2617e+01 1.1685e+02 9.2660e+01 1.1681e+02 1.0334e+02 1.0533e+02 1.1527e+02 9.3778e+01 1.0583e+02 9.2660e+01 1.1681e+02 1.0285e+02
76.9424 1.0248e+02 9.0980e+01 1.1474e+02 9.1022e+01 1.1471e+02 1.0150e+02 1.0345e+02 1.1320e+02 9.2107e+01 1.0393e+02 9.1022e+01 1.1471e+02 1.0103e+02
77.1930 1.0066e+02 8.9375e+01 1.1269e+02 8.9416e+01 1.1265e+02 9.9701e+01 1.0161e+02 1.1118e+02 9.0469e+01 1.0207e+02 8.9416e+01 1.1265e+02 9.9245e+01
77.4436 9.8878e+01 8.7803e+01 1.1067e+02 8.7843e+01 1.1063e+02 9.7936e+01 9.9808e+01 1.0919e+02 8.8866e+01 1.0025e+02 8.7843e+01 1.1063e+02 9.7499e+01
77.6942 9.7130e+01 8.6262e+01 1.0869e+02 8.6301e+01 1.0866e+02 9.6206e+01 9.8041e+01 1.0725e+02 8.7294e+01 9.8467e+01 8.6301e+01 1.0866e+02 9.5788e+01
77.9449 9.5416e+01 8.4752e+01 1.0676e+02 8.4791e+01 1.0672e+02 9.4512e+01 9.6309e+01 1.0535e+02 8.5755e+01 9.6721e+01 8.4791e+01 1.0672e+02 9.4111e+01
78.1955 9.3738e+01 8.3273e+01 1.0486e+02 8.3310e+01 1.0483e+02 9.2852e+01 9.4613e+01 1.0349e+02 8.4247e+01 9.5010e+01 8.3310e+01 1.0483e+02 9.2468e+01
78.4461 9.2094e+01 8.1823e+01 1.0301e+02 8.1859e+01 1.0297e+02 9.1225e+01 9.2951e+01 1.0166e+02 8.2769e+01 9.3334e+01 8.1859e+01 1.0297e+02 9.0857e+01
78.6967 9.0482e+01 8.0401e+01 1.0119e+02 8.0438e+01 1.0116e+02 8.9630e+01 9.1322e+01 9.9875e+01 8.1320e+01 9.1692e+01 8.0438e+01 1.0116e+02 8.9279e+01
78.9474 8.8903e+01 7.9009e+01 9.9406e+01 7.9044e+01 9.9374e+01 8.8068e+01 8.9726e+01 9.8123e+01 7.9901e+01 9.0083e+01 7.9044e+01 9.9374e+01 8.7732e+01
79.1980 8.7355e+01 7.7643e+01 9.7660e+01 7.7678e+01 9.7629e+01 8.6537e+01 8.8162e+01 9.6406e+01 7.8510e+01 8.8506e+01 7.7678e+01 9.7629e+01 8.6215e+01
79.4486 8.5838e+01 7.6305e+01 9.5949e+01 7.6339e+01 9.5918e+01 8.5036e+01 8.6630e+01 9.4723e+01 7.7147e+01 8.6961e+01 7.6339e+01 9.5918e+01 8.4729e+01
79.6992 8.4352e+01 7.4993e+01 9.4273e+01 7.5026e+01 9.4243e+01 8.3566e+01 8.5127e+01 9.3074e+01 7.5811e+01 8.5447e+01 7.5026e+01 9.4243e+01 8.3272e+01
79.9499 8.2894e+01 7.3707e+01 9.2630e+01 7.3739e+01 9.2600e+01 8.2124e+01 8.3655e+01 9.1458e+01 7.4502e+01 8.3963e+01 7.3739e+01 9.2600e+01 8.1844e+01
80.2005 8.1466e+01 7.2446e+01 9.1020e+01 7.2478e+01 9.0991e+01 8.0710e+01 8.2212e+01 8.9874e+01 7.3218e+01 8.2509e+01 7.2478e+01 9.0991e+01 8.0443e+01
80.4511 8.0066e+01 7.1210e+01 8.9442e+01 7.1241e+01 8.9414e+01 7.9325e+01 8.0797e+01 8.8322e+01 7.1960e+01 8.1083e+01 7.1241e+01 8.9414e+01 7.9070e+01
80.7018 7.8693e+01 6.9998e+01 8.7896e+01 7.0028e+01 8.7868e+01 7.7967e+01 7.9410e+01 8.6800e+01 7.0726e+01 7.9686e+01 7.0028e+01 8.7868e+01 7.7724e+01
80.9524 7.7347e+01 6.8809e+01 8.6380e+01 6.8839e+01 8.6352e+01 7.6635e+01 7.8051e+01 8.5309e+01 6.9517e+01 7.8316e+01 6.8839e+01 8.6352e+01 7.6404e+01
81.2030 7.6028e+01 6.7644e+01 8.4894e+01 6.7673e+01 8.4867e+01 7.5330e+01 7.6718e+01 8.3846e+01 6.8331e+01 7.6973e+01 6.7673e+01 8.4867e+01 7.5110e+01
81.4536 7.4735e+01 6.6501e+01 8.3437e+01 6.6529e+01 8.3411e+01 7.4050e+01 7.5411e+01 8.2413e+01 6.7169e+01 7.5657e+01 6.6529e+01 8.3411e+01 7.3841e+01
81.7043 7.3466e+01 6.5380e+01 8.2009e+01 6.5408e+01 8.1984e+01 7.2794e+01 7.4130e+01 8.1008e+01 6.6029e+01 7.4366e+01 6.5408e+01 8.1984e+01 7.2596e+01
81.9549 7.2223e+01 6.4281e+01 8.0610e+01 6.4308e+01 8.0584e+01 7.1564e+01 7.2874e+01 7.9630e+01 6.4911e+01 7.3101e+01 6.4308e+01 8.0584e+01 7.1376e+01
82.2055 7.1003e+01 6.3203e+01 7.9237e+01 6.3230e+01 7.9212e+01 7.0357e+01 7.1642e+01 7.8279e+01 6.3815e+01 7.1860e+01 6.3230e+01 7.9212e+01 7.0178e+01
82.4561 6.9807e+01 6.2145e+01 7.7891e+01 6.2172e+01 7.7867e+01 6.9173e+01 7.0434e+01 7.6954e+01 6.2740e+01 7.0644e+01 6.2172e+01 7.7867e+01 6.9004e+01
82.7068 6.8634e+01 6.1108e+01 7.6572e+01 6.1134e+01 7.6548e+01 6.8012e+01 6.9249e+01 7.5655e+01 6.1686e+01 6.9451e+01 6.1134e+01 7.6548e+01 6.7853e+01
82.9574 6.7484e+01 6.0091e+01 7.5278e+01 6.0116e+01 7.5255e+01 6.6873e+01 6.8087e+01 7.4381e+01 6.0652e+01 6.8281e+01 6.0116e+01 7.5255e+01 6.6723e+01
83.2080 6.6355e+01 5.9093e+01 7.4009e+01 5.9117e+01 7.3986e+01 6.5757e+01 6.6947e+01 7.3131e+01 5.9638e+01 6.7133e+01 5.9117e+01 7.3986e+01 6.5615e+01
83.4586 6.5249e+01 5.8114e+01 7.2765e+01 5.8138e+01 7.2742e+01 6.4661e+01 6.5829e+01 7.1906e+01 5.8643e+01 6.6008e+01 5.8138e+01 7.2742e+01 6.4527e+01
83.7093 6.4163e+01 5.7153e+01 7.1544e+01 5.7177e+01 7.1522e+01 6.3586e+01 6.4733e+01 7.0704e+01 5.7667e+01 6.4904e+01 5.7177e+01 7.1522e+01 6.3461e+01
83.9599 6.3098e+01 5.6211e+01 7.0348e+01 5.6234e+01 7.0326e+01 6.2532e+01 6.3657e+01 6.9525e+01 5.6710e+01 6.3822e+01 5.6234e+01 7.0326e+01 6.2414e+01
84.2105 6.2053e+01 5.5286e+01 6.9174e+01 5.5309e+01 6.9152e+01 6.1498e+01 6.2602e+01 6.8369e+01 5.5771e+01 6.2760e+01 5.5309e+01 6.9152e+01 6.1388e+01
84.4612 6.1028e+01 5.4379e+01 6.8022e+01 5.4401e+01 6.8001e+01 6.0483e+01 6.1567e+01 6.7234e+01 5.4850e+01 6.1718e+01 5.4401e+01 6.8001e+01 6.0380e+01
84.7118 6.0023e+01 5.3489e+01 6.6892e+01 5.3511e+01 6.6872e+01 5.9488e+01 6.0552e+01 6.6122e+01 5.3946e+01 6.0696e+01 5.3511e+01 6.6872e+01 5.9392e+01
84.9624 5.9036e+01 5.2615e+01 6.5784e+01 5.2637e+01 6.5764e+01 5.8511e+01 5.9555e+01 6.5030e+01 5.3059e+01 5.9694e+01 5.2637e+01 6.5764e+01 5.8422e+01
85.2130 5.8068e+01 5.1758e+01 6.4697e+01 5.1779e+01 6.4678e+01 5.7553e+01 5.8578e+01 6.3959e+01 5.2189e+01 5.8710e+01 5.1779e+01 6.4678e+01 5.7470e+01
85.4637 5.7118e+01 5.0917e+01 6.3631e+01 5.0937e+01 6.3612e+01 5.6612e+01 5.7618e+01 6.2908e+01 5.1335e+01 5.7745e+01 5.0937e+01 6.3612e+01 5.6536e+01
85.7143 5.6186e+01 5.0091e+01 6.2584e+01 5.0111e+01 6.2566e+01 5.5689e+01 5.6677e+01 6.1877e+01 5.0498e+01 5.6798e+01 5.0111e+01 6.2566e+01 5.5619e+01
85.9649 5.5271e+01 4.9281e+01 6.1558e+01 4.9300e+01 6.1539e+01 5.4784e+01 5.5754e+01 6.0865e+01 4.9675e+01 5.5869e+01 4.9300e+01 6.1539e+01 5.4719e+01
86.2155 5.4373e+01 4.8485e+01 6.0550e+01 4.8505e+01 6.0532e+01 5.3895e+01 5.4847e+01 5.9873e+01 4.8868e+01 5.4957e+01 4.8505e+01 6.0532e+01 5.3836e+01
86.4662 5.3492e+01 4.7705e+01 5.9562e+01 4.7724e+01 5.9544e+01 5.3023e+01 5.3958e+01 5.8898e+01 4.8077e+01 5.4063e+01 4.7724e+01 5.9544e+01 5.2969e+01
86.7168 5.2628e+01 4.6938e+01 5.8592e+01 4.6957e+01 5.8574e+01 5.2166e+01 5.3084e+01 5.7942e+01 4.7299e+01 5.3184e+01 4.6957e+01 5.8574e+01 5.2119e+01
86.9674 5.1779e+01 4.6186e+01 5.7640e+01 4.6205e+01 5.7623e+01 5.1326e+01 5.2227e+01 5.7004e+01 4.6536e+01 5.2323e+01 4.6205e+01 5.7623e+01 5.1283e+01
87.2180 5.0946e+01 4.5448e+01 5.6706e+01 4.5466e+01 5.6689e+01 5.0501e+01 5.1386e+01 5.6083e+01 4.5788e+01 5.1477e+01 4.5466e+01 5.6689e+01 5.0464e+01
87.4687 5.0128e+01 4.4723e+01 5.5789e+01 4.4740e+01 5.5772e+01 4.9691e+01 5.0561e+01 5.5179e+01 4.5053e+01 5.0647e+01 4.4740e+01 5.5772e+01 4.9658e+01
87.7193 4.9325e+01 4.4011e+01 5.4889e+01 4.4028e+01 5.4872e+01 4.8896e+01 4.9750e+01 5.4292e+01 4.4331e+01 4.9832e+01 4.4028e+01 5.4872e+01 4.8868e+01
87.9699 4.8537e+01 4.3312e+01 5.4005e+01 4.3329e+01 5.3989e+01 4.8116e+01 4.8955e+01 5.3421e+01 4.3623e+01 4.9032e+01 4.3329e+01 5.3989e+01 4.8093e+01
88.2206 4.7764e+01 4.2626e+01 5.3138e+01 4.2643e+01 5.3122e+01 4.7350e+01 4.8174e+01 5.2566e+01 4.2927e+01 4.8247e+01 4.2643e+01 5.3122e+01 4.7331e+01
88.4712 4.7004e+01 4.1952e+01 5.2287e+01 4.1969e+01 5.2271e+01 4.6597e+01 4.7407e+01 5.1726e+01 4.2245e+01 4.7476e+01 4.1969e+01 5.2271e+01 4.6583e+01
88.7218 4.6258e+01 4.1291e+01 5.1451e+01 4.1307e+01 5.1436e+01 4.5859e+01 4.6654e+01 5.0902e+01 4.1574e+01 4.6719e+01 4.1307e+01 5.1436e+01 4.5848e+01
88.9724 4.5526e+01 4.0641e+01 5.0631e+01 4.0657e+01 5.0616e+01 4.5134e+01 4.5915e+01 5.0093e+01 4.0916e+01 4.5976e+01 4.0657e+01 5.0616e+01 4.5127e+01
89.2231 4.4807e+01 4.0003e+01 4.9825e+01 4.0019e+01 4.9811e+01 4.4422e+01 4.5189e+01 4.9299e+01 4.0270e+01 4.5246e+01 4.0019e+01 4.9811e+01 4.4419e+01
89.4737 4.4101e+01 3.9377e+01 4.9034e+01 3.9392e+01 4.9020e+01 4.3722e+01 4.4476e+01 4.8519e+01 3.9635e+01 4.4530e+01 3.9392e+01 4.9020e+01 4.3723e+01
89.7243 4.3408e+01 3.8762e+01 4.8258e+01 3.8777e+01 4.8244e+01 4.3036e+01 4.3777e+01 4.7753e+01 3.9012e+01 4.3827e+01 3.8777e+01 4.8244e+01 4.3040e+01
89.9749 4.2727e+01 3.8157e+01 4.7495e+01 3.8172e+01 4.7482e+01 4.2361e+01 4.3089e+01 4.7001e+01 3.8400e+01 4.3136e+01 3.8172e+01 4.7482e+01 4.2369e+01
90.2256 4.2058e+01 3.7564e+01 4.6747e+01 3.7578e+01 4.6733e+01 4.1699e+01 4.2414e+01 4.6263e+01 3.7799e+01 4.2458e+01 3.7578e+01 4.6733e+01 4.1711e+01
90.4762 4.1402e+01 3.6981e+01 4.6012e+01 3.6995e+01 4.5998e+01 4.1048e+01 4.1752e+01 4.5537e+01 3.7209e+01 4.1792e+01 3.6995e+01 4.5998e+01 4.1063e+01
90.7268 4.0757e+01 3.6408e+01 4.5290e+01 3.6422e+01 4.5276e+01 4.0410e+01 4.1100e+01 4.4825e+01 3.6629e+01 4.1138e+01 3.6422e+01 4.5276e+01 4.0428e+01
90.9774 4.0123e+01 3.5846e+01 4.4581e+01 3.5859e+01 4.4568e+01 3.9782e+01 4.0461e+01 4.4126e+01 3.6059e+01 4.0495e+01 3.5859e+01 4.4568e+01 3.9803e+01
91.2281 3.9501e+01 3.5293e+01 4.3884e+01 3.5307e+01 4.3871e+01 3.9166e+01 3.9833e+01 4.3438e+01 3.5500e+01 3.9864e+01 3.5307e+01 4.3871e+01 3.9190e+01
91.4787 3.8889e+01 3.4751e+01 4.3200e+01 3.4764e+01 4.3188e+01 3.8560e+01 3.9216e+01 4.2764e+01 3.4951e+01 3.9244e+01 3.4764e+01 4.3188e+01 3.8587e+01
91.7293 3.8289e+01 3.4217e+01 4.2528e+01 3.4230e+01 4.2516e+01 3.7965e+01 3.8610e+01 4.2101e+01 3.4411e+01 3.8635e+01 3.4230e+01 4.2516e+01 3.7995e+01
91.9799 3.7699e+01 3.3694e+01 4.1868e+01 3.3706e+01 4.1856e+01 3.7381e+01 3.8015e+01 4.1450e+01 3.3881e+01 3.8037e+01 3.3706e+01 4.1856e+01 3.7414e+01
92.2306 3.7120e+01 3.3179e+01 4.1220e+01 3.3191e+01 4.1208e+01 3.6807e+01 3.7430e+01 4.0810e+01 3.3360e+01 3.7450e+01 3.3191e+01 4.1208e+01 3.6842e+01
92.4812 3.6550e+01 3.2673e+01 4.0583e+01 3.2685e+01 4.0572e+01 3.6243e+01 3.6855e+01 4.0181e+01 3.2848e+01 3.6873e+01 3.2685e+01 4.0572e+01 3.6281e+01
92.7318 3.5991e+01 3.2176e+01 3.9958e+01 3.2188e+01 3.9946e+01 3.5689e+01 3.6291e+01 3.9564e+01 3.2345e+01 3.6306e+01 3.2188e+01 3.9946e+01 3.5729e+01
92.9825 3.5441e+01 3.1688e+01 3.9343e+01 3.1700e+01 3.9332e+01 3.5144e+01 3.5736e+01 3.8958e+01 3.1851e+01 3.5748e+01 3.1700e+01 3.9332e+01 3.5187e+01
93.2331 3.4901e+01 3.1208e+01 3.8739e+01 3.1220e+01 3.8728e+01 3.4609e+01 3.5191e+01 3.8362e+01 3.1366e+01 3.5201e+01 3.1220e+01 3.8728e+01 3.4654e+01
93.4837 3.4371e+01 3.0737e+01 3.8146e+01 3.0748e+01 3.8135e+01 3.4084e+01 3.4656e+01 3.7776e+01 3.0889e+01 3.4663e+01 3.0748e+01 3.8135e+01 3.4131e+01
93.7343 3.3849e+01 3.0273e+01 3.7563e+01 3.0284e+01 3.7552e+01 3.3567e+01 3.4130e+01 3.7201e+01 3.0420e+01 3.4135e+01 3.0284e+01 3.7552e+01 3.3617e+01
93.9850 3.3337e+01 2.9818e+01 3.6990e+01 2.9829e+01 3.6980e+01 3.3059e+01 3.3613e+01 3.6636e+01 2.9959e+01 3.3616e+01 2.9829e+01 3.6980e+01 3.3111e+01
94.2356 3.2834e+01 2.9370e+01 3.6428e+01 2.9381e+01 3.6417e+01 3.2560e+01 3.3105e+01 3.6080e+01 2.9507e+01 3.3106e+01 2.9381e+01 3.6417e+01 3.2614e+01
94.4862 3.2339e+01 2.8930e+01 3.5875e+01 2.8941e+01 3.5865e+01 3.2070e+01 3.2605e+01 3.5534e+01 2.9062e+01 3.2604e+01 2.8941e+01 3.5865e+01 3.2126e+01
94.7368 3.1852e+01 2.8498e+01 3.5332e+01 2.8508e+01 3.5322e+01 3.1588e+01 3.2114e+01 3.4998e+01 2.8625e+01 3.2112e+01 2.8508e+01 3.5322e+01 3.1646e+01
94.9875 3.1375e+01 2.8073e+01 3.4798e+01 2.8083e+01 3.4788e+01 3.1115e+01 3.1632e+01 3.4471e+01 2.8195e+01 3.1628e+01 2.8083e+01 3.4788e+01 3.1174e+01
95.2381 3.0905e+01 2.7655e+01 3.4273e+01 2.7665e+01 3.4264e+01 3.0649e+01 3.1158e+01 3.3953e+01 2.7773e+01 3.1152e+01 2.7665e+01 3.4264e+01 3.0710e+01
95.4887 3.0443e+01 2.7244e+01 3.3758e+01 2.7254e+01 3.3748e+01 3.0192e+01 3.0692e+01 3.3444e+01 2.7358e+01 3.0684e+01 2.7254e+01 3.3748e+01 3.0254e+01
95.7393 2.9989e+01 2.6841e+01 3.3251e+01 2.6850e+01 3.3242e+01 2.9742e+01 3.0235e+01 3.2943e+01 2.6950e+01 3.0224e+01 2.6850e+01 3.3242e+01 2.9806e+01
95.9900 2.9543e+01 2.6444e+01 3.2753e+01 2.6453e+01 3.2744e+01 2.9300e+01 2.9785e+01 3.2451e+01 2.6549e+01 2.9773e+01 2.6453e+01 3.2744e+01 2.9365e+01
96.2406 2.9105e+01 2.6054e+01 3.2263e+01 2.6063e+01 3.2255e+01 2.8866e+01 2.9342e+01 3.1968e+01 2.6154e+01 2.9329e+01 2.6063e+01 3.2255e+01 2.8932e+01
96.4912 2.8674e+01 2.5670e+01 3.1782e+01 2.5679e+01 3.1774e+01 2.8438e+01 2.8907e+01 3.1492e+01 2.5767e+01 2.8892e+01 2.5679e+01 3.1774e+01 2.8506e+01
96.7419 2.8250e+01 2.5293e+01 3.1309e+01 2.5302e+01 3.1301e+01 2.8018e+01 2.8480e+01 3.1025e+01 2.5386e+01 2.8463e+01 2.5302e+01 3.1301e+01 2.8087e+01
96.9925 2.7833e+01 2.4922e+01 3.0845e+01 2.4931e+01 3.0836e+01 2.7605e+01 2.8059e+01 3.0566e+01 2.5011e+01 2.8041e+01 2.4931e+01 3.0836e+01 2.7675e+01
97.2431 2.7424e+01 2.4557e+01 3.0388e+01 2.4566e+01 3.0379e+01 2.7200e+01 2.7646e+01 3.0114e+01 2.4643e+01 2.7627e+01 2.4566e+01 3.0379e+01 2.7270e+01
97.4937 2.7021e+01 2.4199e+01 2.9938e+01 2.4207e+01 2.9930e+01 2.6800e+01 2.7240e+01 2.9671e+01 2.4281e+01 2.7219e+01 2.4207e+01 2.9930e+01 2.6872e+01
97.7444 2.6625e+01 2.3846e+01 2.9497e+01 2.3855e+01 2.9489e+01 2.6408e+01 2.6840e+01 2.9234e+01 2.3925e+01 2.6818e+01 2.3855e+01 2.9489e+01 2.6481e+01
97.9950 2.6235e+01 2.3499e+01 2.9063e+01 2.3508e+01 2.9055e+01 2.6022e+01 2.6448e+01 2.8805e+01 2.3575e+01 2.6424e+01 2.3508e+01 2.9055e+01 2.6096e+01
98.2456 2.5852e+01 2.3158e+01 2.8636e+01 2.3166e+01 2.8628e+01 2.5642e+01 2.6061e+01 2.8383e+01 2.3231e+01 2.6037e+01 2.3166e+01 2.8628e+01 2.5717e+01
98.4962 2.5476e+01 2.2823e+01 2.8216e+01 2.2831e+01 2.8208e+01 2.5269e+01 2.5681e+01 2.7968e+01 2.2892e+01 2.5656e+01 2.2831e+01 2.8208e+01 2.5345e+01
98.7469 2.5106e+01 2.2493e+01 2.7803e+01 2.2501e+01 2.7796e+01 2.4902e+01 2.5308e+01 2.7561e+01 2.2559e+01 2.5281e+01 2.2501e+01 2.7796e+01 2.4979e+01
98.9975 2.4742e+01 2.2169e+01 2.7398e+01 2.2176e+01 2.7390e+01 2.4542e+01 2.4941e+01 2.7160e+01 2.2232e+01 2.4913e+01 2.2176e+01 2.7390e+01 2.4619e+01
99.2481 2.4384e+01 2.1850e+01 2.6999e+01 2.1857e+01 2.6991e+01 2.4187e+01 2.4579e+01 2.6765e+01 2.1910e+01 2.4551e+01 2.1857e+01 2.6991e+01 2.4264e+01
99.4987 2.4032e+01 2.1536e+01 2.6606e+01 2.1543e+01 2.6599e+01 2.3838e+01 2.4224e+01 2.6377e+01 2.1593e+01 2.4194e+01 2.1543e+01 2.6599e+01 2.3916e+01
99.7494 2.3685e+01 2.1227e+01 2.6220e+01 2.1235e+01 2.6213e+01 2.3494e+01 2.3875e+01 2.5996e+01 2.1282e+01 2.3844e+01 2.1235e+01 2.6213e+01 2.3573e+01
100.0000 2.3345e+01 2.0923e+01 2.5841e+01 2.0931e+01 2.5834e+01 2.3157e+01 2.3531e+01 2.5620e+01 2.0975e+01 2.3500e+01 2.0931e+01 2.5834e+01 2.3236e+01
