1.0343353563299256 0.038072289156626526
1.147462977967167 0.042409638554216866
1.3515523383774972 0.05156626506024098
1.4808121992992855 0.05734939759036145
1.7496981522379547 0.06674698795180722
2.0223210547992925 0.0746987951807229
2.465235663995583 0.08120481927710843
2.9207004406492874 0.08337349397590363
3.4697177403951356 0.07879518072289157
3.9442283452710827 0.07180722891566266
4.345359098547416 0.06554216867469878
5.0012378457612305 0.056144578313253035
5.597648793401154 0.05180722891566267
6.072152005960818 0.048674698795180715
6.48436770324455 0.04554216867469882
7.326049243878136 0.04072289156626507