1.0000000000000000 4.4043106181154049E-002
2.5000000000000000 7.2979428987456241E-002
3.5000000000000000 9.7452809470170945E-002
5.0000000000000000 9.1890157411582796E-002
7.0000000000000000 7.4817054484029200E-002
9.0000000000000000 5.7739396124697071E-002
11.500000000000000 5.2155663463162742E-002
14.500000000000000 3.2066104449186186E-002
17.500000000000000 3.2019570564602487E-002
21.500000000000000 3.4591018808935170E-002
26.000000000000000 2.2485965834657534E-002
30.000000000000000 1.9672456324129874E-002
34.000000000000000 1.9008831716044353E-002
38.000000000000000 1.2298324408855241E-002
42.500000000000000 1.4413150572871177E-002
47.500000000000000 1.1365972105578994E-002
52.500000000000000 1.0211491995684278E-002
