# FONLL heavy quark hadroproduction cross section, calculated on Wed Jan 21 16:03:00 CET 2026
# FONLL version and perturbative order: ## FONLL v1.4.0 fonll [ds/dpt^2dy (pb/GeV^2)]
# quark = charm
# final state = meson (meson = D0). NP params (cm,lm,hm) = 0.1, 0.06, 0.135
# BR(q->meson) = 1
# ebeam1 = 2680, ebeam2 = 2680
# PDF set = NNPDF30_nlo_as_0118
# ptmin = 0
# ptmax = 50
# ymin  = -0.5
# ymax  = 0.5
# Uncertainties from scales, masses combined quadratically
# cross section is ds/dpt (pb/GeV)
pt central min max min_sc max_sc min_mass max_mass fr=.5.5 fr=22 fr=21 fr=12 fr=1.5 fr=.51
0.2513 4.8734e+07 -4.3680e+05 1.6222e+08 6.4013e+05 1.6222e+08 3.8499e+07 4.8734e+07 1.5185e+06 9.9138e+07 1.2726e+08 2.4760e+07 1.6222e+08 6.4013e+05
0.5025 8.6522e+07 1.0640e+06 2.5747e+08 1.4512e+06 2.5747e+08 7.8396e+07 8.6522e+07 3.4817e+06 1.5654e+08 1.9852e+08 4.5728e+07 2.5747e+08 1.4512e+06
0.7538 1.1995e+08 1.0580e+06 3.2871e+08 2.6067e+06 3.2829e+08 1.0082e+08 1.3319e+08 6.3702e+06 1.9376e+08 2.6225e+08 6.5101e+07 3.2829e+08 2.6067e+06
1.0050 1.4430e+08 1.4425e+06 3.7428e+08 4.4732e+06 3.7188e+08 1.1503e+08 1.7742e+08 1.1212e+07 2.1066e+08 3.0604e+08 7.9728e+07 3.7188e+08 4.4732e+06
1.2563 1.5442e+08 4.0525e+06 3.8224e+08 8.0696e+06 3.7776e+08 1.1990e+08 1.9939e+08 2.1150e+07 2.0621e+08 3.1337e+08 8.6739e+07 3.7776e+08 8.0696e+06
1.5075 1.5100e+08 1.1533e+07 3.5742e+08 1.5904e+07 3.5191e+08 1.1636e+08 1.9838e+08 4.3264e+07 1.8634e+08 2.8948e+08 8.6282e+07 3.5191e+08 1.5904e+07
1.7588 1.3855e+08 1.9655e+07 3.1418e+08 2.3896e+07 3.0864e+08 1.0708e+08 1.8232e+08 6.1316e+07 1.6025e+08 2.5083e+08 8.0594e+07 3.0864e+08 2.3896e+07
2.0101 1.2187e+08 2.4810e+07 2.6552e+08 2.8619e+07 2.6051e+08 9.4951e+07 1.5948e+08 6.8928e+07 1.3379e+08 2.0921e+08 7.2161e+07 2.6051e+08 2.8619e+07
2.2613 1.0438e+08 2.7446e+07 2.1917e+08 3.0731e+07 2.1489e+08 8.2135e+07 1.3543e+08 6.9883e+07 1.0984e+08 1.7078e+08 6.2876e+07 2.1489e+08 3.0731e+07
2.5126 8.7948e+07 2.7805e+07 1.7857e+08 3.0568e+07 1.7502e+08 6.9928e+07 1.1304e+08 6.6306e+07 8.9424e+07 1.3790e+08 5.3862e+07 1.7502e+08 3.0568e+07
2.7638 7.3415e+07 2.6348e+07 1.4457e+08 2.8623e+07 1.4168e+08 5.8959e+07 9.3475e+07 5.9743e+07 7.2595e+07 1.1089e+08 4.5669e+07 1.4168e+08 2.8623e+07
3.0151 6.0972e+07 2.4268e+07 1.1677e+08 2.6132e+07 1.1443e+08 4.9424e+07 7.6948e+07 5.2715e+07 5.8961e+07 8.9163e+07 3.8488e+07 1.1443e+08 2.6132e+07
3.2663 5.0517e+07 2.1935e+07 9.4318e+07 2.3461e+07 9.2433e+07 4.1304e+07 6.3226e+07 4.5911e+07 4.8008e+07 7.1862e+07 3.2331e+07 9.2433e+07 2.3461e+07
3.5176 4.1837e+07 1.9558e+07 7.6307e+07 2.0805e+07 7.4791e+07 3.4486e+07 5.1948e+07 3.9624e+07 3.9234e+07 5.8139e+07 2.7125e+07 7.4791e+07 2.0805e+07
3.7688 3.4686e+07 1.7293e+07 6.1923e+07 1.8313e+07 6.0706e+07 2.8815e+07 4.2738e+07 3.4039e+07 3.2211e+07 4.7265e+07 2.2763e+07 6.0706e+07 1.8313e+07
4.0201 2.8844e+07 1.5206e+07 5.0473e+07 1.6042e+07 4.9496e+07 2.4143e+07 3.5272e+07 2.9158e+07 2.6568e+07 3.8617e+07 1.9148e+07 4.9496e+07 1.6042e+07
4.2714 2.4072e+07 1.3321e+07 4.1342e+07 1.4006e+07 4.0558e+07 2.0295e+07 2.9217e+07 2.4942e+07 2.2022e+07 3.1718e+07 1.6154e+07 4.0558e+07 1.4006e+07
4.5226 2.0168e+07 1.1638e+07 3.4037e+07 1.2200e+07 3.3408e+07 1.7122e+07 2.4299e+07 2.1329e+07 1.8348e+07 2.6197e+07 1.3671e+07 3.3408e+07 1.2200e+07
4.7739 1.6964e+07 1.0164e+07 2.8171e+07 1.0628e+07 2.7663e+07 1.4496e+07 2.0300e+07 1.8263e+07 1.5360e+07 2.1750e+07 1.1609e+07 2.7663e+07 1.0628e+07
5.0251 1.4328e+07 8.8803e+06 2.3434e+07 9.2650e+06 2.3022e+07 1.2317e+07 1.7036e+07 1.5666e+07 1.2919e+07 1.8148e+07 9.8941e+06 2.3022e+07 9.2650e+06
5.2764 1.2150e+07 7.7628e+06 1.9590e+07 8.0832e+06 1.9255e+07 1.0504e+07 1.4360e+07 1.3463e+07 1.0915e+07 1.5218e+07 8.4627e+06 1.9255e+07 8.0832e+06
5.5276 1.0346e+07 6.7904e+06 1.6456e+07 7.0580e+06 1.6182e+07 8.9926e+06 1.2157e+07 1.1594e+07 9.2643e+06 1.2822e+07 7.2644e+06 1.6182e+07 7.0580e+06
5.7789 8.8430e+06 5.9473e+06 1.3890e+07 6.1717e+06 1.3664e+07 7.7253e+06 1.0335e+07 1.0006e+07 7.8966e+06 1.0855e+07 6.2568e+06 1.3664e+07 6.1717e+06
6.0302 7.5862e+06 5.2166e+06 1.1775e+07 5.4055e+06 1.1589e+07 6.6592e+06 8.8210e+06 8.6567e+06 6.7582e+06 9.2295e+06 5.4066e+06 1.1589e+07 5.4055e+06
6.2814 6.5314e+06 4.5319e+06 1.0025e+07 4.6870e+06 9.8706e+06 5.7593e+06 7.5579e+06 7.5063e+06 5.8066e+06 7.8807e+06 4.6870e+06 9.8706e+06 4.7421e+06
6.5327 5.6430e+06 3.9483e+06 8.5682e+06 4.0761e+06 8.4398e+06 4.9973e+06 6.5001e+06 6.5234e+06 5.0078e+06 6.7559e+06 4.0761e+06 8.4398e+06 4.1670e+06
6.7839 4.8920e+06 3.4501e+06 7.3512e+06 3.5558e+06 7.2439e+06 4.3500e+06 5.6106e+06 5.6822e+06 4.3346e+06 5.8142e+06 3.5558e+06 7.2439e+06 3.6677e+06
7.0352 4.2547e+06 3.0233e+06 6.3315e+06 3.1110e+06 6.2414e+06 3.7981e+06 4.8597e+06 4.9612e+06 3.7649e+06 5.0227e+06 3.1110e+06 6.2414e+06 3.2340e+06
7.2864 3.7119e+06 2.6564e+06 5.4733e+06 2.7296e+06 5.3975e+06 3.3258e+06 4.2233e+06 4.3418e+06 3.2809e+06 4.3546e+06 2.7296e+06 5.3975e+06 2.8568e+06
7.5377 3.2480e+06 2.3403e+06 4.7480e+06 2.4014e+06 4.6839e+06 2.9204e+06 3.6819e+06 3.8085e+06 2.8682e+06 3.7882e+06 2.4014e+06 4.6839e+06 2.5282e+06
7.7889 2.8504e+06 2.0670e+06 4.1326e+06 2.1184e+06 4.0782e+06 2.5715e+06 3.2198e+06 3.3482e+06 2.5150e+06 3.3061e+06 2.1184e+06 4.0782e+06 2.2417e+06
8.0402 2.5084e+06 1.8303e+06 3.6084e+06 1.8735e+06 3.5621e+06 2.2702e+06 2.8240e+06 2.9502e+06 2.2117e+06 2.8943e+06 1.8735e+06 3.5621e+06 1.9915e+06
8.2915 2.2134e+06 1.6246e+06 3.1603e+06 1.6611e+06 3.1208e+06 2.0093e+06 2.4841e+06 2.6058e+06 1.9505e+06 2.5414e+06 1.6611e+06 3.1208e+06 1.7728e+06
8.5427 1.9583e+06 1.4454e+06 2.7760e+06 1.4764e+06 2.7421e+06 1.7828e+06 2.1912e+06 2.3072e+06 1.7248e+06 2.2380e+06 1.4764e+06 2.7421e+06 1.5814e+06
8.7940 1.7370e+06 1.2889e+06 2.4452e+06 1.3152e+06 2.4160e+06 1.5856e+06 1.9381e+06 2.0475e+06 1.5292e+06 1.9763e+06 1.3152e+06 2.4160e+06 1.4134e+06
9.0452 1.5444e+06 1.1518e+06 2.1596e+06 1.1742e+06 2.1344e+06 1.4135e+06 1.7186e+06 1.8211e+06 1.3592e+06 1.7498e+06 1.1742e+06 2.1344e+06 1.2658e+06
9.2965 1.3763e+06 1.0314e+06 1.9123e+06 1.0506e+06 1.8905e+06 1.2628e+06 1.5276e+06 1.6233e+06 1.2109e+06 1.5533e+06 1.0506e+06 1.8905e+06 1.1357e+06
9.5477 1.2292e+06 9.2554e+05 1.6976e+06 9.4204e+05 1.6786e+06 1.1305e+06 1.3611e+06 1.4500e+06 1.0812e+06 1.3822e+06 9.4204e+05 1.6786e+06 1.0209e+06
9.7990 1.1002e+06 8.3216e+05 1.5105e+06 8.4636e+05 1.4940e+06 1.0141e+06 1.2155e+06 1.2978e+06 9.6758e+05 1.2329e+06 8.4636e+05 1.4940e+06 9.1935e+05
10.0503 9.8688e+05 7.4964e+05 1.3472e+06 7.6190e+05 1.3328e+06 9.1158e+05 1.0878e+06 1.1640e+06 8.6776e+05 1.1022e+06 7.6190e+05 1.3328e+06 8.2943e+05
10.3015 8.8702e+05 6.7655e+05 1.2043e+06 6.8717e+05 1.1916e+06 8.2100e+05 9.7575e+05 1.0461e+06 7.7986e+05 9.8750e+05 6.8717e+05 1.1916e+06 7.4962e+05
10.5528 7.9884e+05 6.1169e+05 1.0788e+06 6.2091e+05 1.0677e+06 7.4082e+05 8.7702e+05 9.4200e+05 7.0227e+05 8.8660e+05 6.2091e+05 1.0677e+06 6.7864e+05
10.8040 7.2079e+05 5.5400e+05 9.6851e+05 5.6202e+05 9.5869e+05 6.6968e+05 7.8985e+05 8.4980e+05 6.3362e+05 7.9762e+05 5.6202e+05 9.5869e+05 6.1539e+05
11.0553 6.5156e+05 5.0259e+05 8.7126e+05 5.0959e+05 8.6257e+05 6.0642e+05 7.1271e+05 7.6799e+05 5.7274e+05 7.1897e+05 5.0959e+05 8.6257e+05 5.5893e+05
11.3065 5.9000e+05 4.5669e+05 7.8533e+05 4.6281e+05 7.7764e+05 5.5006e+05 6.4428e+05 6.9522e+05 5.1862e+05 6.4930e+05 4.6281e+05 7.7764e+05 5.0844e+05
11.5578 5.3516e+05 4.1563e+05 7.0927e+05 4.2100e+05 7.0244e+05 4.9973e+05 5.8345e+05 6.3038e+05 4.7043e+05 5.8744e+05 4.2100e+05 7.0244e+05 4.6320e+05
11.8090 4.8621e+05 3.7884e+05 6.4179e+05 3.8357e+05 6.3572e+05 4.5472e+05 5.2926e+05 5.7248e+05 4.2741e+05 5.3242e+05 3.8357e+05 6.3572e+05 4.2260e+05
12.0603 4.4243e+05 3.4583e+05 5.8177e+05 3.4999e+05 5.7636e+05 4.1438e+05 4.8090e+05 5.2070e+05 3.8896e+05 4.8336e+05 3.4999e+05 5.7636e+05 3.8611e+05
12.3116 4.0324e+05 3.1615e+05 5.2821e+05 3.1982e+05 5.2337e+05 3.7820e+05 4.3768e+05 4.7434e+05 3.5452e+05 4.3955e+05 3.1982e+05 5.2337e+05 3.5326e+05
12.5628 3.6807e+05 2.8942e+05 4.8033e+05 2.9267e+05 4.7599e+05 3.4568e+05 3.9897e+05 4.3276e+05 3.2363e+05 4.0034e+05 2.9267e+05 4.7599e+05 3.2364e+05
12.8141 3.3646e+05 2.6531e+05 4.3745e+05 2.6820e+05 4.3356e+05 3.1640e+05 3.6425e+05 3.9539e+05 2.9586e+05 3.6520e+05 2.6820e+05 4.3356e+05 2.9688e+05
13.0653 3.0801e+05 2.4353e+05 3.9900e+05 2.4610e+05 3.9549e+05 2.9000e+05 3.3304e+05 3.6176e+05 2.7087e+05 3.3364e+05 2.4610e+05 3.9549e+05 2.7269e+05
13.3166 2.8235e+05 2.2383e+05 3.6446e+05 2.2611e+05 3.6129e+05 2.6616e+05 3.0494e+05 3.3145e+05 2.4832e+05 3.0525e+05 2.2611e+05 3.6129e+05 2.5077e+05
13.5678 2.5918e+05 2.0597e+05 3.3339e+05 2.0801e+05 3.3052e+05 2.4459e+05 2.7960e+05 3.0407e+05 2.2796e+05 2.7968e+05 2.0801e+05 3.3052e+05 2.3089e+05
13.8191 2.3821e+05 1.8976e+05 3.0540e+05 1.9159e+05 3.0280e+05 2.2504e+05 2.5671e+05 2.7931e+05 2.0954e+05 2.5660e+05 1.9159e+05 3.0280e+05 2.1283e+05
14.0704 2.1922e+05 1.7504e+05 2.8014e+05 1.7667e+05 2.7779e+05 2.0731e+05 2.3600e+05 2.5689e+05 1.9286e+05 2.3575e+05 1.7667e+05 2.7779e+05 1.9641e+05
14.3216 2.0198e+05 1.6164e+05 2.5734e+05 1.6310e+05 2.5520e+05 1.9121e+05 2.1723e+05 2.3656e+05 1.7771e+05 2.1687e+05 1.6310e+05 2.5520e+05 1.8146e+05
14.5729 1.8632e+05 1.4943e+05 2.3670e+05 1.5074e+05 2.3475e+05 1.7655e+05 2.0020e+05 2.1809e+05 1.6395e+05 1.9977e+05 1.5074e+05 2.3475e+05 1.6783e+05
14.8241 1.7208e+05 1.3829e+05 2.1799e+05 1.3948e+05 2.1621e+05 1.6320e+05 1.8472e+05 2.0129e+05 1.5143e+05 1.8422e+05 1.3948e+05 2.1621e+05 1.5538e+05
15.0754 1.5909e+05 1.2812e+05 2.0099e+05 1.2919e+05 1.9937e+05 1.5102e+05 1.7064e+05 1.8600e+05 1.4002e+05 1.7008e+05 1.2919e+05 1.9937e+05 1.4401e+05
15.3266 1.4725e+05 1.1882e+05 1.8553e+05 1.1979e+05 1.8404e+05 1.3990e+05 1.5781e+05 1.7205e+05 1.2962e+05 1.5720e+05 1.1979e+05 1.8404e+05 1.3361e+05
15.5779 1.3643e+05 1.1031e+05 1.7145e+05 1.1118e+05 1.7009e+05 1.2972e+05 1.4610e+05 1.5931e+05 1.2011e+05 1.4544e+05 1.1118e+05 1.7009e+05 1.2408e+05
15.8291 1.2654e+05 1.0250e+05 1.5861e+05 1.0330e+05 1.5736e+05 1.2041e+05 1.3540e+05 1.4767e+05 1.1141e+05 1.3471e+05 1.0330e+05 1.5736e+05 1.1534e+05
16.0804 1.1748e+05 9.5341e+04 1.4689e+05 9.6063e+04 1.4575e+05 1.1187e+05 1.2562e+05 1.3702e+05 1.0345e+05 1.2490e+05 9.6063e+04 1.4575e+05 1.0731e+05
16.3317 1.0918e+05 8.8761e+04 1.3618e+05 8.9417e+04 1.3513e+05 1.0404e+05 1.1665e+05 1.2725e+05 9.6148e+04 1.1592e+05 8.9417e+04 1.3513e+05 9.9936e+04
16.5829 1.0155e+05 8.2709e+04 1.2638e+05 8.3306e+04 1.2541e+05 9.6844e+04 1.0844e+05 1.1830e+05 8.9446e+04 1.0769e+05 8.3306e+04 1.2541e+05 9.3148e+04
16.8342 9.4551e+04 7.7136e+04 1.1740e+05 7.7682e+04 1.1650e+05 9.0226e+04 1.0089e+05 1.1008e+05 8.3289e+04 1.0015e+05 7.7682e+04 1.1650e+05 8.6895e+04
17.0854 8.8110e+04 7.2000e+04 1.0916e+05 7.2498e+04 1.0834e+05 8.4134e+04 9.3962e+04 1.0252e+05 7.7625e+04 9.3216e+04 7.2498e+04 1.0834e+05 8.1130e+04
17.3367 8.2180e+04 6.7261e+04 1.0160e+05 6.7717e+04 1.0084e+05 7.8520e+04 8.7586e+04 9.5561e+04 7.2410e+04 8.6848e+04 6.7717e+04 1.0084e+05 7.5809e+04
17.5879 7.6715e+04 6.2885e+04 9.4655e+04 6.3302e+04 9.3944e+04 7.3342e+04 8.1713e+04 8.9154e+04 6.7603e+04 8.0989e+04 6.3302e+04 9.3944e+04 7.0893e+04
17.8392 7.1673e+04 5.8840e+04 8.8260e+04 5.9223e+04 8.7602e+04 6.8562e+04 7.6300e+04 8.3246e+04 6.3168e+04 7.5592e+04 5.9223e+04 8.7602e+04 6.6349e+04
18.0905 6.7017e+04 5.5099e+04 8.2369e+04 5.5451e+04 8.1758e+04 6.4143e+04 7.1305e+04 7.7793e+04 5.9072e+04 7.0613e+04 5.5451e+04 8.1758e+04 6.2144e+04
18.3417 6.2714e+04 5.1635e+04 7.6936e+04 5.1959e+04 7.6368e+04 6.0056e+04 6.6692e+04 7.2756e+04 5.5286e+04 6.6016e+04 5.1959e+04 7.6368e+04 5.8250e+04
18.5930 5.8732e+04 4.8426e+04 7.1921e+04 4.8724e+04 7.1393e+04 5.6273e+04 6.2426e+04 6.8098e+04 5.1782e+04 6.1768e+04 4.8724e+04 7.1393e+04 5.4640e+04
18.8442 5.5045e+04 4.5449e+04 6.7286e+04 4.5723e+04 6.6795e+04 5.2767e+04 5.8479e+04 6.3787e+04 4.8537e+04 5.7839e+04 4.5723e+04 6.6795e+04 5.1291e+04
19.0955 5.1629e+04 4.2685e+04 6.3000e+04 4.2938e+04 6.2542e+04 4.9515e+04 5.4823e+04 5.9794e+04 4.5530e+04 5.4200e+04 4.2938e+04 6.2542e+04 4.8180e+04
19.3467 4.8459e+04 4.0118e+04 5.9033e+04 4.0352e+04 5.8606e+04 4.6497e+04 5.1434e+04 5.6092e+04 4.2740e+04 5.0829e+04 4.0352e+04 5.8606e+04 4.5290e+04
19.5980 4.5517e+04 3.7730e+04 5.5357e+04 3.7947e+04 5.4958e+04 4.3694e+04 4.8290e+04 5.2657e+04 4.0150e+04 4.7702e+04 3.7947e+04 5.4958e+04 4.2602e+04
19.8492 4.2783e+04 3.5508e+04 5.1947e+04 3.5709e+04 5.1575e+04 4.1087e+04 4.5371e+04 4.9468e+04 3.7742e+04 4.4800e+04 3.5709e+04 5.1575e+04 4.0099e+04
20.1005 4.0242e+04 3.3439e+04 4.8783e+04 3.3625e+04 4.8435e+04 3.8663e+04 4.2657e+04 4.6504e+04 3.5504e+04 4.2103e+04 3.3625e+04 4.8435e+04 3.7768e+04
20.3518 3.7876e+04 3.1511e+04 4.5844e+04 3.1683e+04 4.5518e+04 3.6405e+04 4.0134e+04 4.3748e+04 3.3420e+04 3.9596e+04 3.1683e+04 4.5518e+04 3.5594e+04
20.6030 3.5674e+04 2.9712e+04 4.3112e+04 2.9872e+04 4.2806e+04 3.4302e+04 3.7785e+04 4.1183e+04 3.1480e+04 3.7263e+04 2.9872e+04 4.2806e+04 3.3566e+04
20.8543 3.3621e+04 2.8033e+04 4.0570e+04 2.8181e+04 4.0282e+04 3.2340e+04 3.5598e+04 3.8794e+04 2.9672e+04 3.5091e+04 2.8181e+04 4.0282e+04 3.1672e+04
21.1055 3.1707e+04 2.6464e+04 3.8202e+04 2.6602e+04 3.7933e+04 3.0510e+04 3.3558e+04 3.6568e+04 2.7984e+04 3.3066e+04 2.6602e+04 3.7933e+04 2.9902e+04
21.3568 2.9920e+04 2.4998e+04 3.5996e+04 2.5127e+04 3.5743e+04 2.8802e+04 3.1656e+04 3.4491e+04 2.6410e+04 3.1178e+04 2.5127e+04 3.5743e+04 2.8248e+04
21.6080 2.8251e+04 2.3627e+04 3.3939e+04 2.3746e+04 3.3701e+04 2.7205e+04 2.9879e+04 3.2552e+04 2.4938e+04 2.9416e+04 2.3746e+04 3.3701e+04 2.6700e+04
21.8593 2.6690e+04 2.2343e+04 3.2019e+04 2.2455e+04 3.1795e+04 2.5710e+04 2.8219e+04 3.0738e+04 2.3562e+04 2.7770e+04 2.2455e+04 3.1795e+04 2.5251e+04
22.1106 2.5229e+04 2.1140e+04 3.0226e+04 2.1245e+04 3.0015e+04 2.4311e+04 2.6666e+04 2.9042e+04 2.2275e+04 2.6231e+04 2.1245e+04 3.0015e+04 2.3894e+04
22.3618 2.3861e+04 2.0013e+04 2.8550e+04 2.0111e+04 2.8351e+04 2.3000e+04 2.5212e+04 2.7455e+04 2.1069e+04 2.4792e+04 2.0111e+04 2.8351e+04 2.2621e+04
22.6131 2.2580e+04 1.8956e+04 2.6983e+04 1.9047e+04 2.6795e+04 2.1772e+04 2.3851e+04 2.5968e+04 1.9938e+04 2.3445e+04 1.9047e+04 2.6795e+04 2.1428e+04
22.8643 2.1378e+04 1.7964e+04 2.5515e+04 1.8050e+04 2.5338e+04 2.0619e+04 2.2575e+04 2.4574e+04 1.8879e+04 2.2183e+04 1.8050e+04 2.5338e+04 2.0308e+04
23.1156 2.0250e+04 1.7033e+04 2.4141e+04 1.7113e+04 2.3974e+04 1.9537e+04 2.1379e+04 2.3267e+04 1.7885e+04 2.1000e+04 1.7113e+04 2.3974e+04 1.9256e+04
23.3668 1.9192e+04 1.6157e+04 2.2854e+04 1.6232e+04 2.2696e+04 1.8522e+04 2.0256e+04 2.2041e+04 1.6952e+04 1.9891e+04 1.6232e+04 2.2696e+04 1.8268e+04
23.6181 1.8199e+04 1.5335e+04 2.1646e+04 1.5405e+04 2.1497e+04 1.7567e+04 1.9203e+04 2.0890e+04 1.6075e+04 1.8850e+04 1.5405e+04 2.1497e+04 1.7339e+04
23.8693 1.7265e+04 1.4561e+04 2.0513e+04 1.4627e+04 2.0372e+04 1.6670e+04 1.8213e+04 1.9809e+04 1.5251e+04 1.7873e+04 1.4627e+04 2.0372e+04 1.6465e+04
24.1206 1.6387e+04 1.3832e+04 1.9450e+04 1.3894e+04 1.9316e+04 1.5826e+04 1.7283e+04 1.8793e+04 1.4477e+04 1.6955e+04 1.3894e+04 1.9316e+04 1.5642e+04
24.3719 1.5561e+04 1.3146e+04 1.8450e+04 1.3204e+04 1.8323e+04 1.5032e+04 1.6408e+04 1.7838e+04 1.3748e+04 1.6092e+04 1.3204e+04 1.8323e+04 1.4867e+04
24.6231 1.4783e+04 1.2500e+04 1.7511e+04 1.2555e+04 1.7390e+04 1.4285e+04 1.5585e+04 1.6939e+04 1.3062e+04 1.5280e+04 1.2555e+04 1.7390e+04 1.4137e+04
24.8744 1.4051e+04 1.1890e+04 1.6627e+04 1.1942e+04 1.6513e+04 1.3580e+04 1.4810e+04 1.6093e+04 1.2416e+04 1.4516e+04 1.1942e+04 1.6513e+04 1.3449e+04
25.1256 1.3362e+04 1.1315e+04 1.5795e+04 1.1364e+04 1.5687e+04 1.2917e+04 1.4080e+04 1.5296e+04 1.1807e+04 1.3796e+04 1.1364e+04 1.5687e+04 1.2800e+04
25.3769 1.2711e+04 1.0773e+04 1.5012e+04 1.0819e+04 1.4910e+04 1.2291e+04 1.3392e+04 1.4546e+04 1.1234e+04 1.3118e+04 1.0819e+04 1.4910e+04 1.2187e+04
25.6281 1.2098e+04 1.0261e+04 1.4275e+04 1.0304e+04 1.4177e+04 1.1700e+04 1.2743e+04 1.3838e+04 1.0692e+04 1.2479e+04 1.0304e+04 1.4177e+04 1.1608e+04
25.8794 1.1520e+04 9.7772e+03 1.3579e+04 9.8183e+03 1.3486e+04 1.1143e+04 1.2132e+04 1.3171e+04 1.0181e+04 1.1876e+04 9.8183e+03 1.3486e+04 1.1062e+04
26.1307 1.0973e+04 9.3200e+03 1.2923e+04 9.3589e+03 1.2834e+04 1.0617e+04 1.1554e+04 1.2541e+04 9.6991e+03 1.1307e+04 9.3589e+03 1.2834e+04 1.0545e+04
26.3819 1.0457e+04 8.8877e+03 1.2304e+04 8.9244e+03 1.2220e+04 1.0120e+04 1.1009e+04 1.1947e+04 9.2434e+03 1.0770e+04 8.9244e+03 1.2220e+04 1.0056e+04
26.6332 9.9696e+03 8.4788e+03 1.1720e+04 8.5135e+03 1.1639e+04 9.6496e+03 1.0493e+04 1.1385e+04 8.8127e+03 1.0263e+04 8.5135e+03 1.1639e+04 9.5941e+03
26.8844 9.5082e+03 8.0918e+03 1.1167e+04 8.1246e+03 1.1091e+04 9.2049e+03 1.0006e+04 1.0854e+04 8.4053e+03 9.7832e+03 8.1246e+03 1.1091e+04 9.1567e+03
27.1357 9.0717e+03 7.7253e+03 1.0646e+04 7.7564e+03 1.0573e+04 8.7839e+03 9.5451e+03 1.0352e+04 8.0198e+03 9.3298e+03 7.7564e+03 1.0573e+04 8.7425e+03
27.3869 8.6586e+03 7.3782e+03 1.0152e+04 7.4077e+03 1.0083e+04 8.3854e+03 9.1088e+03 9.8765e+03 7.6549e+03 8.9008e+03 7.4077e+03 1.0083e+04 8.3501e+03
27.6382 8.2673e+03 7.0492e+03 9.6856e+03 7.0772e+03 9.6194e+03 8.0078e+03 8.6958e+03 9.4267e+03 7.3094e+03 8.4949e+03 7.0772e+03 9.6194e+03 7.9781e+03
27.8894 7.8966e+03 6.7374e+03 9.2439e+03 6.7639e+03 9.1807e+03 7.6501e+03 8.3045e+03 9.0007e+03 6.9819e+03 8.1105e+03 6.7639e+03 9.1807e+03 7.6255e+03
28.1407 7.5453e+03 6.4415e+03 8.8257e+03 6.4667e+03 8.7654e+03 7.3109e+03 7.9338e+03 8.5972e+03 6.6716e+03 7.7464e+03 6.4667e+03 8.7654e+03 7.2910e+03
28.3920 7.2121e+03 6.1608e+03 8.4296e+03 6.1848e+03 8.3719e+03 6.9892e+03 7.5823e+03 8.2146e+03 6.3773e+03 7.4013e+03 6.1848e+03 8.3719e+03 6.9736e+03
28.6432 6.8961e+03 5.8944e+03 8.0541e+03 5.9171e+03 7.9991e+03 6.6840e+03 7.2489e+03 7.8519e+03 6.0981e+03 7.0741e+03 5.9171e+03 7.9991e+03 6.6722e+03
28.8945 6.5962e+03 5.6414e+03 7.6982e+03 5.6630e+03 7.6456e+03 6.3943e+03 6.9326e+03 7.5078e+03 5.8332e+03 6.7638e+03 5.6630e+03 7.6456e+03 6.3861e+03
29.1457 6.3114e+03 5.4010e+03 7.3606e+03 5.4215e+03 7.3103e+03 6.1192e+03 6.6324e+03 7.1813e+03 5.5816e+03 6.4693e+03 5.4215e+03 7.3103e+03 6.1141e+03
29.3970 6.0410e+03 5.1726e+03 7.0402e+03 5.1921e+03 6.9921e+03 5.8578e+03 6.3473e+03 6.8713e+03 5.3427e+03 6.1898e+03 5.1921e+03 6.9921e+03 5.8557e+03
29.6482 5.7841e+03 4.9554e+03 6.7361e+03 4.9740e+03 6.6901e+03 5.6095e+03 6.0764e+03 6.5769e+03 5.1156e+03 5.9243e+03 4.9740e+03 6.6901e+03 5.6100e+03
29.8995 5.5398e+03 4.7488e+03 6.4473e+03 4.7665e+03 6.4032e+03 5.3734e+03 5.8191e+03 6.2971e+03 4.8998e+03 5.6721e+03 4.7665e+03 6.4032e+03 5.3762e+03
30.1508 5.3076e+03 4.5523e+03 6.1729e+03 4.5691e+03 6.1307e+03 5.1488e+03 5.5744e+03 6.0312e+03 4.6946e+03 5.4323e+03 4.5691e+03 6.1307e+03 5.1538e+03
30.4020 5.0867e+03 4.3652e+03 5.9121e+03 4.3813e+03 5.8717e+03 4.9352e+03 5.3417e+03 5.7784e+03 4.4994e+03 5.2044e+03 4.3813e+03 5.8717e+03 4.9421e+03
30.6533 4.8765e+03 4.1871e+03 5.6641e+03 4.2024e+03 5.6254e+03 4.7319e+03 5.1203e+03 5.5379e+03 4.3137e+03 4.9876e+03 4.2024e+03 5.6254e+03 4.7405e+03
30.9045 4.6765e+03 4.0175e+03 5.4282e+03 4.0321e+03 5.3911e+03 4.5383e+03 4.9096e+03 5.3090e+03 4.1368e+03 4.7813e+03 4.0321e+03 5.3911e+03 4.5485e+03
31.1558 4.4859e+03 3.8558e+03 5.2037e+03 3.8698e+03 5.1682e+03 4.3540e+03 4.7090e+03 5.0912e+03 3.9684e+03 4.5849e+03 3.8698e+03 5.1682e+03 4.3655e+03
31.4070 4.3045e+03 3.7018e+03 4.9901e+03 3.7151e+03 4.9560e+03 4.1784e+03 4.5179e+03 4.8838e+03 3.8080e+03 4.3979e+03 3.7151e+03 4.9560e+03 4.1911e+03
31.6583 4.1315e+03 3.5549e+03 4.7866e+03 3.5676e+03 4.7539e+03 4.0110e+03 4.3359e+03 4.6862e+03 3.6551e+03 4.2197e+03 3.5676e+03 4.7539e+03 4.0248e+03
31.9095 3.9667e+03 3.4148e+03 4.5928e+03 3.4270e+03 4.5615e+03 3.8514e+03 4.1624e+03 4.4979e+03 3.5094e+03 4.0500e+03 3.4270e+03 4.5615e+03 3.8661e+03
32.1608 3.8095e+03 3.2811e+03 4.4082e+03 3.2927e+03 4.3781e+03 3.6992e+03 3.9970e+03 4.3184e+03 3.3704e+03 3.8882e+03 3.2927e+03 4.3781e+03 3.7147e+03
32.4121 3.6595e+03 3.1535e+03 4.2322e+03 3.1646e+03 4.2032e+03 3.5540e+03 3.8392e+03 4.1473e+03 3.2378e+03 3.7339e+03 3.1646e+03 4.2032e+03 3.5702e+03
32.6633 3.5164e+03 3.0316e+03 4.0644e+03 3.0422e+03 4.0366e+03 3.4154e+03 3.6887e+03 3.9840e+03 3.1113e+03 3.5868e+03 3.0422e+03 4.0366e+03 3.4322e+03
32.9146 3.3798e+03 2.9152e+03 3.9043e+03 2.9254e+03 3.8776e+03 3.2831e+03 3.5451e+03 3.8282e+03 2.9906e+03 3.4463e+03 2.9254e+03 3.8776e+03 3.3005e+03
33.1658 3.2494e+03 2.8040e+03 3.7515e+03 2.8137e+03 3.7259e+03 3.1567e+03 3.4079e+03 3.6795e+03 2.8752e+03 3.3123e+03 2.8137e+03 3.7259e+03 3.1746e+03
33.4171 3.1248e+03 2.6977e+03 3.6058e+03 2.7070e+03 3.5811e+03 3.0360e+03 3.2769e+03 3.5375e+03 2.7651e+03 3.1844e+03 2.7070e+03 3.5811e+03 3.0542e+03
33.6683 3.0058e+03 2.5961e+03 3.4666e+03 2.6050e+03 3.4428e+03 2.9207e+03 3.1518e+03 3.4018e+03 2.6598e+03 3.0622e+03 2.6050e+03 3.4428e+03 2.9392e+03
33.9196 2.8921e+03 2.4989e+03 3.3336e+03 2.5075e+03 3.3108e+03 2.8104e+03 3.0323e+03 3.2722e+03 2.5592e+03 2.9454e+03 2.5075e+03 3.3108e+03 2.8292e+03
34.1709 2.7833e+03 2.4059e+03 3.2066e+03 2.4142e+03 3.1847e+03 2.7050e+03 2.9180e+03 3.1484e+03 2.4630e+03 2.8338e+03 2.4142e+03 3.1847e+03 2.7240e+03
34.4221 2.6793e+03 2.3170e+03 3.0853e+03 2.3249e+03 3.0641e+03 2.6042e+03 2.8087e+03 3.0300e+03 2.3710e+03 2.7271e+03 2.3249e+03 3.0641e+03 2.6234e+03
34.6734 2.5799e+03 2.2319e+03 2.9692e+03 2.2394e+03 2.9488e+03 2.5077e+03 2.7042e+03 2.9168e+03 2.2830e+03 2.6251e+03 2.2394e+03 2.9488e+03 2.5270e+03
34.9246 2.4847e+03 2.1504e+03 2.8583e+03 2.1576e+03 2.8387e+03 2.4154e+03 2.6042e+03 2.8084e+03 2.1988e+03 2.5276e+03 2.1576e+03 2.8387e+03 2.4348e+03
35.1759 2.3936e+03 2.0723e+03 2.7522e+03 2.0793e+03 2.7332e+03 2.3271e+03 2.5085e+03 2.7048e+03 2.1182e+03 2.4342e+03 2.0793e+03 2.7332e+03 2.3465e+03
35.4271 2.3063e+03 1.9976e+03 2.6506e+03 2.0042e+03 2.6324e+03 2.2424e+03 2.4169e+03 2.6056e+03 2.0411e+03 2.3448e+03 2.0042e+03 2.6324e+03 2.2619e+03
35.6784 2.2228e+03 1.9259e+03 2.5534e+03 1.9324e+03 2.5358e+03 2.1614e+03 2.3292e+03 2.5106e+03 1.9672e+03 2.2593e+03 1.9324e+03 2.5358e+03 2.1808e+03
35.9296 2.1428e+03 1.8573e+03 2.4604e+03 1.8635e+03 2.4434e+03 2.0838e+03 2.2451e+03 2.4196e+03 1.8964e+03 2.1774e+03 1.8635e+03 2.4434e+03 2.1032e+03
36.1809 2.0661e+03 1.7915e+03 2.3713e+03 1.7974e+03 2.3549e+03 2.0094e+03 2.1646e+03 2.3325e+03 1.8285e+03 2.0989e+03 1.7974e+03 2.3549e+03 2.0287e+03
36.4322 1.9926e+03 1.7284e+03 2.2859e+03 1.7341e+03 2.2701e+03 1.9380e+03 2.0875e+03 2.2490e+03 1.7635e+03 2.0237e+03 1.7341e+03 2.2701e+03 1.9573e+03
36.6834 1.9222e+03 1.6679e+03 2.2041e+03 1.6734e+03 2.1889e+03 1.8697e+03 2.0135e+03 2.1690e+03 1.7012e+03 1.9517e+03 1.6734e+03 2.1889e+03 1.8888e+03
36.9347 1.8546e+03 1.6098e+03 2.1257e+03 1.6151e+03 2.1110e+03 1.8041e+03 1.9426e+03 2.0923e+03 1.6414e+03 1.8826e+03 1.6151e+03 2.1110e+03 1.8232e+03
37.1859 1.7898e+03 1.5541e+03 2.0506e+03 1.5592e+03 2.0364e+03 1.7412e+03 1.8746e+03 2.0187e+03 1.5840e+03 1.8163e+03 1.5592e+03 2.0364e+03 1.7601e+03
37.4372 1.7276e+03 1.5007e+03 1.9785e+03 1.5056e+03 1.9648e+03 1.6808e+03 1.8094e+03 1.9482e+03 1.5290e+03 1.7528e+03 1.5056e+03 1.9648e+03 1.6996e+03
37.6884 1.6680e+03 1.4494e+03 1.9094e+03 1.4540e+03 1.8962e+03 1.6229e+03 1.7468e+03 1.8805e+03 1.4762e+03 1.6918e+03 1.4540e+03 1.8962e+03 1.6415e+03
37.9397 1.6107e+03 1.4001e+03 1.8430e+03 1.4046e+03 1.8303e+03 1.5673e+03 1.6867e+03 1.8155e+03 1.4255e+03 1.6333e+03 1.4046e+03 1.8303e+03 1.5858e+03
38.1910 1.5557e+03 1.3527e+03 1.7794e+03 1.3571e+03 1.7670e+03 1.5139e+03 1.6290e+03 1.7531e+03 1.3769e+03 1.5771e+03 1.3571e+03 1.7670e+03 1.5322e+03
38.4422 1.5028e+03 1.3073e+03 1.7183e+03 1.3115e+03 1.7063e+03 1.4626e+03 1.5736e+03 1.6932e+03 1.3301e+03 1.5232e+03 1.3115e+03 1.7063e+03 1.4807e+03
38.6935 1.4521e+03 1.2636e+03 1.6596e+03 1.2676e+03 1.6481e+03 1.4133e+03 1.5203e+03 1.6357e+03 1.2852e+03 1.4714e+03 1.2676e+03 1.6481e+03 1.4313e+03
38.9447 1.4034e+03 1.2216e+03 1.6033e+03 1.2255e+03 1.5921e+03 1.3659e+03 1.4692e+03 1.5805e+03 1.2421e+03 1.4217e+03 1.2255e+03 1.5921e+03 1.3837e+03
39.1960 1.3565e+03 1.1812e+03 1.5491e+03 1.1850e+03 1.5384e+03 1.3204e+03 1.4201e+03 1.5274e+03 1.2006e+03 1.3739e+03 1.1850e+03 1.5384e+03 1.3380e+03
39.4472 1.3115e+03 1.1423e+03 1.4971e+03 1.1460e+03 1.4867e+03 1.2767e+03 1.3728e+03 1.4764e+03 1.1608e+03 1.3280e+03 1.1460e+03 1.4867e+03 1.2940e+03
39.6985 1.2682e+03 1.1050e+03 1.4472e+03 1.1085e+03 1.4371e+03 1.2346e+03 1.3275e+03 1.4274e+03 1.1224e+03 1.2838e+03 1.1085e+03 1.4371e+03 1.2518e+03
39.9497 1.2265e+03 1.0690e+03 1.3991e+03 1.0724e+03 1.3894e+03 1.1941e+03 1.2838e+03 1.3802e+03 1.0856e+03 1.2414e+03 1.0724e+03 1.3894e+03 1.2110e+03
40.2010 1.1865e+03 1.0345e+03 1.3530e+03 1.0377e+03 1.3435e+03 1.1552e+03 1.2418e+03 1.3349e+03 1.0501e+03 1.2006e+03 1.0377e+03 1.3435e+03 1.1719e+03
40.4523 1.1480e+03 1.0012e+03 1.3086e+03 1.0043e+03 1.2994e+03 1.1177e+03 1.2014e+03 1.2913e+03 1.0160e+03 1.1613e+03 1.0043e+03 1.2994e+03 1.1342e+03
40.7035 1.1109e+03 9.6911e+02 1.2658e+03 9.7214e+02 1.2570e+03 1.0817e+03 1.1625e+03 1.2493e+03 9.8319e+02 1.1235e+03 9.7214e+02 1.2570e+03 1.0979e+03
40.9548 1.0752e+03 9.3825e+02 1.2247e+03 9.4117e+02 1.2162e+03 1.0470e+03 1.1251e+03 1.2089e+03 9.5159e+02 1.0872e+03 9.4117e+02 1.2162e+03 1.0629e+03
41.2060 1.0408e+03 9.0852e+02 1.1852e+03 9.1135e+02 1.1769e+03 1.0136e+03 1.0891e+03 1.1701e+03 9.2117e+02 1.0522e+03 9.1135e+02 1.1769e+03 1.0292e+03
41.4573 1.0077e+03 8.7988e+02 1.1471e+03 8.8262e+02 1.1391e+03 9.8141e+02 1.0544e+03 1.1326e+03 8.9188e+02 1.0185e+03 8.8262e+02 1.1391e+03 9.9680e+02
41.7085 9.7583e+02 8.5229e+02 1.1105e+03 8.5493e+02 1.1027e+03 9.5042e+02 1.0210e+03 1.0966e+03 8.6366e+02 9.8610e+02 8.5493e+02 1.1027e+03 9.6555e+02
41.9598 9.4512e+02 8.2570e+02 1.0752e+03 8.2825e+02 1.0676e+03 9.2057e+02 9.8882e+02 1.0619e+03 8.3648e+02 9.5487e+02 8.2825e+02 1.0676e+03 9.3543e+02
42.2111 9.1554e+02 8.0007e+02 1.0412e+03 8.0254e+02 1.0339e+03 8.9180e+02 9.5782e+02 1.0285e+03 8.1029e+02 9.2479e+02 8.0254e+02 1.0339e+03 9.0639e+02
42.4623 8.8703e+02 7.7537e+02 1.0084e+03 7.7775e+02 1.0013e+03 8.6407e+02 9.2795e+02 9.9626e+02 7.8505e+02 8.9580e+02 7.7775e+02 1.0013e+03 8.7840e+02
42.7136 8.5954e+02 7.5154e+02 9.7689e+02 7.5385e+02 9.7000e+02 8.3734e+02 8.9916e+02 9.6522e+02 7.6072e+02 8.6787e+02 7.5385e+02 9.7000e+02 8.5141e+02
42.9648 8.3305e+02 7.2856e+02 9.4649e+02 7.3080e+02 9.3981e+02 8.1157e+02 8.7140e+02 9.3530e+02 7.3726e+02 8.4094e+02 7.3080e+02 9.3981e+02 8.2538e+02
43.2161 8.0750e+02 7.0640e+02 9.1718e+02 7.0856e+02 9.1070e+02 7.8671e+02 8.4464e+02 9.0645e+02 7.1464e+02 8.1499e+02 7.0856e+02 9.1070e+02 8.0026e+02
43.4673 7.8285e+02 6.8502e+02 8.8893e+02 6.8711e+02 8.8264e+02 7.6274e+02 8.1882e+02 8.7863e+02 6.9283e+02 7.8996e+02 6.8711e+02 8.8264e+02 7.7604e+02
43.7186 7.5908e+02 6.6439e+02 8.6168e+02 6.6641e+02 8.5558e+02 7.3962e+02 7.9392e+02 8.5180e+02 6.7178e+02 7.6581e+02 6.6641e+02 8.5558e+02 7.5266e+02
43.9698 7.3614e+02 6.4447e+02 8.3540e+02 6.4643e+02 8.2948e+02 7.1730e+02 7.6990e+02 8.2592e+02 6.5148e+02 7.4253e+02 6.4643e+02 8.2948e+02 7.3009e+02
44.2211 7.1401e+02 6.2525e+02 8.1005e+02 6.2714e+02 8.0430e+02 6.9576e+02 7.4672e+02 8.0095e+02 6.3188e+02 7.2006e+02 6.2714e+02 8.0430e+02 7.0831e+02
44.4724 6.9265e+02 6.0669e+02 7.8559e+02 6.0853e+02 7.8001e+02 6.7498e+02 7.2435e+02 7.7686e+02 6.1297e+02 6.9838e+02 6.0853e+02 7.8001e+02 6.8729e+02
44.7236 6.7202e+02 5.8877e+02 7.6198e+02 5.9055e+02 7.5657e+02 6.5491e+02 7.0276e+02 7.5360e+02 5.9471e+02 6.7746e+02 5.9055e+02 7.5657e+02 6.6698e+02
44.9749 6.5211e+02 5.7146e+02 7.3920e+02 5.7318e+02 7.3394e+02 6.3553e+02 6.8191e+02 7.3114e+02 5.7708e+02 6.5725e+02 5.7318e+02 7.3394e+02 6.4737e+02
45.2261 6.3288e+02 5.5474e+02 7.1720e+02 5.5641e+02 7.1210e+02 6.1682e+02 6.6177e+02 7.0947e+02 5.6005e+02 6.3775e+02 5.5641e+02 7.1210e+02 6.2843e+02
45.4774 6.1430e+02 5.3859e+02 6.9597e+02 5.4021e+02 6.9101e+02 5.9874e+02 6.4233e+02 6.8853e+02 5.4361e+02 6.1891e+02 5.4021e+02 6.9101e+02 6.1013e+02
45.7286 5.9636e+02 5.2298e+02 6.7545e+02 5.2455e+02 6.7064e+02 5.8127e+02 6.2354e+02 6.6831e+02 5.2772e+02 6.0072e+02 5.2455e+02 6.7064e+02 5.9245e+02
45.9799 5.7902e+02 5.0790e+02 6.5564e+02 5.0942e+02 6.5096e+02 5.6440e+02 6.0539e+02 6.4877e+02 5.1238e+02 5.8315e+02 5.0942e+02 6.5096e+02 5.7536e+02
46.2312 5.6227e+02 4.9332e+02 6.3650e+02 4.9479e+02 6.3195e+02 5.4809e+02 5.8786e+02 6.2990e+02 4.9754e+02 5.6617e+02 4.9479e+02 6.3195e+02 5.5884e+02
46.4824 5.4607e+02 4.7922e+02 6.1801e+02 4.8065e+02 6.1358e+02 5.3232e+02 5.7091e+02 6.1166e+02 4.8320e+02 5.4976e+02 4.8065e+02 6.1358e+02 5.4287e+02
46.7337 5.3042e+02 4.6559e+02 6.0013e+02 4.6698e+02 5.9583e+02 5.1708e+02 5.5452e+02 5.9403e+02 4.6934e+02 5.3390e+02 4.6698e+02 5.9583e+02 5.2743e+02
46.9849 5.1528e+02 4.5241e+02 5.8286e+02 4.5376e+02 5.7867e+02 5.0235e+02 5.3868e+02 5.7699e+02 4.5594e+02 5.1856e+02 4.5376e+02 5.7867e+02 5.1250e+02
47.2362 5.0064e+02 4.3967e+02 5.6615e+02 4.4097e+02 5.6209e+02 4.8810e+02 5.2336e+02 5.6051e+02 4.4299e+02 5.0374e+02 4.4097e+02 5.6209e+02 4.9806e+02
47.4874 4.8649e+02 4.2733e+02 5.5001e+02 4.2860e+02 5.4605e+02 4.7431e+02 5.0855e+02 5.4458e+02 4.3045e+02 4.8941e+02 4.2860e+02 5.4605e+02 4.8409e+02
47.7387 4.7279e+02 4.1540e+02 5.3439e+02 4.1662e+02 5.3055e+02 4.6098e+02 4.9422e+02 5.2917e+02 4.1833e+02 4.7555e+02 4.1662e+02 5.3055e+02 4.7057e+02
47.9899 4.5955e+02 4.0385e+02 5.1929e+02 4.0504e+02 5.1555e+02 4.4808e+02 4.8036e+02 5.1426e+02 4.0660e+02 4.6214e+02 4.0504e+02 5.1555e+02 4.5749e+02
48.2412 4.4673e+02 3.9267e+02 5.0469e+02 3.9382e+02 5.0104e+02 4.3560e+02 4.6694e+02 4.9985e+02 3.9525e+02 4.4917e+02 3.9382e+02 5.0104e+02 4.4483e+02
48.4925 4.3432e+02 3.8184e+02 4.9055e+02 3.8297e+02 4.8701e+02 4.2351e+02 4.5396e+02 4.8589e+02 3.8427e+02 4.3662e+02 3.8297e+02 4.8701e+02 4.3257e+02
48.7437 4.2231e+02 3.7137e+02 4.7688e+02 3.7246e+02 4.7343e+02 4.1182e+02 4.4140e+02 4.7239e+02 3.7364e+02 4.2447e+02 3.7246e+02 4.7343e+02 4.2070e+02
48.9950 4.1069e+02 3.6122e+02 4.6365e+02 3.6228e+02 4.6029e+02 4.0050e+02 4.2924e+02 4.5933e+02 3.6335e+02 4.1272e+02 3.6228e+02 4.6029e+02 4.0920e+02
49.2462 3.9943e+02 3.5139e+02 4.5084e+02 3.5242e+02 4.4757e+02 3.8954e+02 4.1747e+02 4.4668e+02 3.5338e+02 4.0134e+02 3.5242e+02 4.4757e+02 3.9807e+02
49.4975 3.8853e+02 3.4188e+02 4.3844e+02 3.4288e+02 4.3526e+02 3.7892e+02 4.0607e+02 4.3443e+02 3.4374e+02 3.9032e+02 3.4288e+02 4.3526e+02 3.8729e+02
49.7487 3.7798e+02 3.3266e+02 4.2643e+02 3.3363e+02 4.2334e+02 3.6864e+02 3.9502e+02 4.2257e+02 3.3439e+02 3.7966e+02 3.3363e+02 4.2334e+02 3.7685e+02
50.0000 3.6775e+02 3.2372e+02 4.1481e+02 3.2467e+02 4.1179e+02 3.5868e+02 3.8433e+02 4.1109e+02 3.2534e+02 3.6933e+02 3.2467e+02 4.1179e+02 3.6673e+02
